static const float K_LUT[13][13][4][12] = {
  {
    {
      {-0.000000, 0.000000, 1.859572, -0.000000, 0.000000, 0.986082, 0.000000, -0.000000, -0.000000, 0.000000, -0.000000, 0.000000},
      {-0.000000, -0.150038, 0.000000, -0.000000, -0.151758, 0.000000, 0.492701, -0.000000, -0.000000, 0.076983, -0.000000, -0.000000},
      {0.150038, 0.000000, -0.000000, 0.151758, 0.000000, -0.000000, -0.000000, 0.492701, -0.000000, -0.000000, 0.076983, -0.000000},
      {-0.000000, 0.000000, -0.000000, -0.000000, 0.000000, -0.000000, -0.000000, -0.000000, 0.017047, -0.000000, -0.000000, 0.005459}
    },
    {
      {-0.000000, -0.000000, 1.859572, -0.000000, -0.000000, 0.986082, 0.000000, -0.000000, 0.000000, 0.000000, 0.000000, 0.000000},
      {0.000000, -0.150011, 0.000000, 0.000000, -0.149935, 0.000000, 0.499477, 0.000000, -0.000000, 0.076997, 0.000000, -0.000000},
      {0.150038, 0.000000, 0.000000, 0.151758, 0.000000, -0.000000, 0.000000, 0.492701, 0.000000, 0.000000, 0.076983, -0.000000},
      {-0.000000, -0.000000, -0.000000, -0.000000, -0.000000, -0.000000, 0.000000, -0.000000, 0.017047, 0.000000, -0.000000, 0.005459}
    },
    {
      {0.000000, 0.000000, 1.859572, 0.000000, 0.000000, 0.986082, -0.000000, 0.000000, 0.000000, -0.000000, 0.000000, -0.000000},
      {-0.000000, -0.149989, 0.000000, -0.000000, -0.148516, 0.000000, 0.504987, -0.000000, -0.000000, 0.077008, -0.000000, -0.000000},
      {0.150038, 0.000000, 0.000000, 0.151758, 0.000000, -0.000000, -0.000000, 0.492701, 0.000000, -0.000000, 0.076983, 0.000000},
      {-0.000000, -0.000000, 0.000000, -0.000000, -0.000000, 0.000000, 0.000000, -0.000000, 0.017047, 0.000000, -0.000000, 0.005459}
    },
    {
      {0.000000, -0.000000, 1.859572, 0.000000, -0.000000, 0.986082, 0.000000, 0.000000, 0.000000, -0.000000, 0.000000, -0.000000},
      {-0.000000, -0.149972, 0.000000, 0.000000, -0.147454, 0.000000, 0.509253, 0.000000, -0.000000, 0.077016, -0.000000, -0.000000},
      {0.150038, -0.000000, 0.000000, 0.151758, -0.000000, 0.000000, -0.000000, 0.492701, -0.000000, 0.000000, 0.076983, -0.000000},
      {-0.000000, 0.000000, 0.000000, -0.000000, 0.000000, 0.000000, -0.000000, -0.000000, 0.017047, 0.000000, -0.000000, 0.005459}
    },
    {
      {0.000000, -0.000000, 1.859572, 0.000000, -0.000000, 0.986082, 0.000000, 0.000000, -0.000000, 0.000000, 0.000000, -0.000000},
      {0.000000, -0.149960, 0.000000, 0.000000, -0.146717, 0.000000, 0.512290, 0.000000, -0.000000, 0.077022, 0.000000, 0.000000},
      {0.150038, -0.000000, 0.000000, 0.151758, -0.000000, 0.000000, 0.000000, 0.492701, -0.000000, 0.000000, 0.076983, 0.000000},
      {0.000000, 0.000000, -0.000000, 0.000000, 0.000000, -0.000000, -0.000000, -0.000000, 0.017047, -0.000000, -0.000000, 0.005459}
    },
    {
      {-0.000000, -0.000000, 1.859572, -0.000000, -0.000000, 0.986082, 0.000000, -0.000000, -0.000000, 0.000000, 0.000000, -0.000000},
      {-0.000000, -0.149953, 0.000000, -0.000000, -0.146283, 0.000000, 0.514109, -0.000000, 0.000000, 0.077026, -0.000000, 0.000000},
      {0.150038, 0.000000, 0.000000, 0.151758, 0.000000, 0.000000, -0.000000, 0.492701, 0.000000, -0.000000, 0.076983, 0.000000},
      {0.000000, 0.000000, -0.000000, 0.000000, 0.000000, -0.000000, -0.000000, 0.000000, 0.017047, -0.000000, 0.000000, 0.005459}
    },
    {
      {0.000000, 0.000000, 1.859572, 0.000000, -0.000000, 0.986082, 0.000000, 0.000000, 0.000000, -0.000000, 0.000000, 0.000000},
      {-0.000000, -0.149951, -0.000000, -0.000000, -0.146139, -0.000000, 0.514714, -0.000000, 0.000000, 0.077027, -0.000000, 0.000000},
      {0.150038, -0.000000, -0.000000, 0.151758, -0.000000, -0.000000, -0.000000, 0.492701, -0.000000, -0.000000, 0.076983, -0.000000},
      {0.000000, 0.000000, -0.000000, 0.000000, 0.000000, -0.000000, -0.000000, -0.000000, 0.017047, -0.000000, -0.000000, 0.005459}
    },
    {
      {-0.000000, -0.000000, 1.859572, -0.000000, -0.000000, 0.986082, 0.000000, -0.000000, -0.000000, 0.000000, 0.000000, -0.000000},
      {-0.000000, -0.149953, 0.000000, -0.000000, -0.146283, 0.000000, 0.514109, -0.000000, 0.000000, 0.077026, -0.000000, 0.000000},
      {0.150038, 0.000000, 0.000000, 0.151758, 0.000000, 0.000000, -0.000000, 0.492701, 0.000000, -0.000000, 0.076983, 0.000000},
      {0.000000, 0.000000, -0.000000, 0.000000, 0.000000, -0.000000, -0.000000, 0.000000, 0.017047, -0.000000, 0.000000, 0.005459}
    },
    {
      {0.000000, -0.000000, 1.859572, 0.000000, -0.000000, 0.986082, 0.000000, 0.000000, -0.000000, 0.000000, 0.000000, -0.000000},
      {0.000000, -0.149960, 0.000000, 0.000000, -0.146717, 0.000000, 0.512290, 0.000000, -0.000000, 0.077022, 0.000000, 0.000000},
      {0.150038, -0.000000, 0.000000, 0.151758, -0.000000, 0.000000, 0.000000, 0.492701, -0.000000, 0.000000, 0.076983, 0.000000},
      {0.000000, 0.000000, -0.000000, 0.000000, 0.000000, -0.000000, -0.000000, -0.000000, 0.017047, -0.000000, -0.000000, 0.005459}
    },
    {
      {0.000000, -0.000000, 1.859572, 0.000000, -0.000000, 0.986082, 0.000000, 0.000000, 0.000000, -0.000000, 0.000000, -0.000000},
      {-0.000000, -0.149972, 0.000000, 0.000000, -0.147454, 0.000000, 0.509253, 0.000000, -0.000000, 0.077016, -0.000000, -0.000000},
      {0.150038, -0.000000, 0.000000, 0.151758, -0.000000, 0.000000, -0.000000, 0.492701, -0.000000, 0.000000, 0.076983, -0.000000},
      {-0.000000, 0.000000, 0.000000, -0.000000, 0.000000, 0.000000, -0.000000, -0.000000, 0.017047, 0.000000, -0.000000, 0.005459}
    },
    {
      {0.000000, 0.000000, 1.859572, 0.000000, 0.000000, 0.986082, -0.000000, 0.000000, 0.000000, -0.000000, 0.000000, -0.000000},
      {-0.000000, -0.149989, 0.000000, -0.000000, -0.148516, 0.000000, 0.504987, -0.000000, -0.000000, 0.077008, -0.000000, -0.000000},
      {0.150038, 0.000000, 0.000000, 0.151758, 0.000000, -0.000000, -0.000000, 0.492701, 0.000000, -0.000000, 0.076983, 0.000000},
      {-0.000000, -0.000000, 0.000000, -0.000000, -0.000000, 0.000000, 0.000000, -0.000000, 0.017047, 0.000000, -0.000000, 0.005459}
    },
    {
      {-0.000000, -0.000000, 1.859572, -0.000000, -0.000000, 0.986082, 0.000000, -0.000000, 0.000000, 0.000000, 0.000000, 0.000000},
      {0.000000, -0.150011, 0.000000, 0.000000, -0.149935, 0.000000, 0.499477, 0.000000, -0.000000, 0.076997, 0.000000, -0.000000},
      {0.150038, 0.000000, 0.000000, 0.151758, 0.000000, -0.000000, 0.000000, 0.492701, 0.000000, 0.000000, 0.076983, -0.000000},
      {-0.000000, -0.000000, -0.000000, -0.000000, -0.000000, -0.000000, 0.000000, -0.000000, 0.017047, 0.000000, -0.000000, 0.005459}
    },
    {
      {-0.000000, 0.000000, 1.859572, -0.000000, 0.000000, 0.986082, 0.000000, -0.000000, -0.000000, 0.000000, -0.000000, 0.000000},
      {-0.000000, -0.150038, 0.000000, -0.000000, -0.151758, 0.000000, 0.492701, -0.000000, -0.000000, 0.076983, -0.000000, -0.000000},
      {0.150038, 0.000000, -0.000000, 0.151758, 0.000000, -0.000000, -0.000000, 0.492701, -0.000000, -0.000000, 0.076983, -0.000000},
      {-0.000000, 0.000000, -0.000000, -0.000000, 0.000000, -0.000000, -0.000000, -0.000000, 0.017047, -0.000000, -0.000000, 0.005459}
    }
  },
  {
    {
      {-0.000000, 0.000000, 1.859572, -0.000000, 0.000000, 0.986082, -0.000000, -0.000000, -0.000000, -0.000000, -0.000000, -0.000000},
      {0.000000, -0.150038, -0.000000, 0.000000, -0.151758, -0.000000, 0.492701, 0.000000, -0.000000, 0.076983, -0.000000, 0.000000},
      {0.150011, -0.000000, 0.000000, 0.149935, -0.000000, 0.000000, -0.000000, 0.499477, -0.000000, -0.000000, 0.076997, -0.000000},
      {0.000000, -0.000000, 0.000000, 0.000000, 0.000000, 0.000000, -0.000000, 0.000000, 0.017047, -0.000000, 0.000000, 0.005459}
    },
    {
      {0.000000, 0.000000, 1.859572, 0.000000, 0.000000, 0.986082, -0.000000, 0.000000, -0.000000, -0.000000, 0.000000, -0.000000},
      {0.000000, -0.150011, 0.000000, 0.000000, -0.149935, 0.000000, 0.499477, 0.000000, -0.000000, 0.076997, 0.000000, -0.000000},
      {0.150011, -0.000000, -0.000000, 0.149935, -0.000000, -0.000000, 0.000000, 0.499477, 0.000000, 0.000000, 0.076997, 0.000000},
      {-0.000000, -0.000000, 0.000000, -0.000000, -0.000000, 0.000000, 0.000000, -0.000000, 0.017047, 0.000000, -0.000000, 0.005459}
    },
    {
      {0.000000, 0.000000, 1.859572, 0.000000, 0.000000, 0.986082, -0.000000, 0.000000, 0.000000, -0.000000, 0.000000, -0.000000},
      {-0.000000, -0.149989, 0.000000, -0.000000, -0.148516, 0.000000, 0.504987, -0.000000, -0.000000, 0.077008, -0.000000, -0.000000},
      {0.150011, -0.000000, 0.000000, 0.149935, -0.000000, 0.000000, 0.000000, 0.499477, -0.000000, 0.000000, 0.076997, -0.000000},
      {-0.000000, 0.000000, -0.000000, -0.000000, 0.000000, -0.000000, -0.000000, -0.000000, 0.017047, -0.000000, 0.000000, 0.005459}
    },
    {
      {0.000000, 0.000000, 1.859572, 0.000000, 0.000000, 0.986082, -0.000000, 0.000000, 0.000000, -0.000000, 0.000000, 0.000000},
      {0.000000, -0.149972, 0.000000, 0.000000, -0.147454, 0.000000, 0.509253, 0.000000, 0.000000, 0.077016, 0.000000, 0.000000},
      {0.150011, -0.000000, -0.000000, 0.149935, -0.000000, -0.000000, 0.000000, 0.499477, -0.000000, 0.000000, 0.076997, -0.000000},
      {-0.000000, -0.000000, -0.000000, -0.000000, -0.000000, -0.000000, 0.000000, -0.000000, 0.017047, -0.000000, -0.000000, 0.005459}
    },
    {
      {0.000000, -0.000000, 1.859572, 0.000000, -0.000000, 0.986082, 0.000000, 0.000000, 0.000000, -0.000000, 0.000000, 0.000000},
      {0.000000, -0.149960, 0.000000, 0.000000, -0.146717, 0.000000, 0.512290, 0.000000, -0.000000, 0.077022, 0.000000, -0.000000},
      {0.150011, -0.000000, 0.000000, 0.149935, -0.000000, 0.000000, 0.000000, 0.499477, -0.000000, 0.000000, 0.076997, -0.000000},
      {-0.000000, 0.000000, 0.000000, -0.000000, 0.000000, 0.000000, -0.000000, -0.000000, 0.017047, -0.000000, -0.000000, 0.005459}
    },
    {
      {-0.000000, 0.000000, 1.859572, -0.000000, 0.000000, 0.986082, -0.000000, -0.000000, 0.000000, -0.000000, 0.000000, 0.000000},
      {0.000000, -0.149953, 0.000000, 0.000000, -0.146283, 0.000000, 0.514109, 0.000000, -0.000000, 0.077026, 0.000000, -0.000000},
      {0.150011, -0.000000, 0.000000, 0.149935, -0.000000, 0.000000, 0.000000, 0.499477, 0.000000, 0.000000, 0.076997, 0.000000},
      {0.000000, 0.000000, -0.000000, 0.000000, 0.000000, -0.000000, -0.000000, 0.000000, 0.017047, -0.000000, 0.000000, 0.005459}
    },
    {
      {0.000000, -0.000000, 1.859572, 0.000000, -0.000000, 0.986082, 0.000000, 0.000000, -0.000000, 0.000000, 0.000000, 0.000000},
      {-0.000000, -0.149951, 0.000000, -0.000000, -0.146139, 0.000000, 0.514714, -0.000000, -0.000000, 0.077027, -0.000000, -0.000000},
      {0.150011, 0.000000, 0.000000, 0.149935, 0.000000, 0.000000, -0.000000, 0.499477, -0.000000, -0.000000, 0.076997, -0.000000},
      {-0.000000, 0.000000, -0.000000, -0.000000, 0.000000, -0.000000, -0.000000, -0.000000, 0.017047, -0.000000, -0.000000, 0.005459}
    },
    {
      {-0.000000, 0.000000, 1.859572, -0.000000, 0.000000, 0.986082, -0.000000, -0.000000, 0.000000, -0.000000, 0.000000, 0.000000},
      {0.000000, -0.149953, 0.000000, 0.000000, -0.146283, 0.000000, 0.514109, 0.000000, -0.000000, 0.077026, 0.000000, -0.000000},
      {0.150011, -0.000000, 0.000000, 0.149935, -0.000000, 0.000000, 0.000000, 0.499477, 0.000000, 0.000000, 0.076997, 0.000000},
      {0.000000, 0.000000, -0.000000, 0.000000, 0.000000, -0.000000, -0.000000, 0.000000, 0.017047, -0.000000, 0.000000, 0.005459}
    },
    {
      {0.000000, -0.000000, 1.859572, 0.000000, -0.000000, 0.986082, 0.000000, 0.000000, 0.000000, -0.000000, 0.000000, 0.000000},
      {0.000000, -0.149960, 0.000000, 0.000000, -0.146717, 0.000000, 0.512290, 0.000000, -0.000000, 0.077022, 0.000000, -0.000000},
      {0.150011, -0.000000, 0.000000, 0.149935, -0.000000, 0.000000, 0.000000, 0.499477, -0.000000, 0.000000, 0.076997, -0.000000},
      {-0.000000, 0.000000, 0.000000, -0.000000, 0.000000, 0.000000, -0.000000, -0.000000, 0.017047, -0.000000, -0.000000, 0.005459}
    },
    {
      {0.000000, 0.000000, 1.859572, 0.000000, 0.000000, 0.986082, -0.000000, 0.000000, 0.000000, -0.000000, 0.000000, 0.000000},
      {0.000000, -0.149972, 0.000000, 0.000000, -0.147454, 0.000000, 0.509253, 0.000000, 0.000000, 0.077016, 0.000000, 0.000000},
      {0.150011, -0.000000, -0.000000, 0.149935, -0.000000, -0.000000, 0.000000, 0.499477, -0.000000, 0.000000, 0.076997, -0.000000},
      {-0.000000, -0.000000, -0.000000, -0.000000, -0.000000, -0.000000, 0.000000, -0.000000, 0.017047, -0.000000, -0.000000, 0.005459}
    },
    {
      {0.000000, 0.000000, 1.859572, 0.000000, 0.000000, 0.986082, -0.000000, 0.000000, 0.000000, -0.000000, 0.000000, -0.000000},
      {-0.000000, -0.149989, 0.000000, -0.000000, -0.148516, 0.000000, 0.504987, -0.000000, -0.000000, 0.077008, -0.000000, -0.000000},
      {0.150011, -0.000000, 0.000000, 0.149935, -0.000000, 0.000000, 0.000000, 0.499477, -0.000000, 0.000000, 0.076997, -0.000000},
      {-0.000000, 0.000000, -0.000000, -0.000000, 0.000000, -0.000000, -0.000000, -0.000000, 0.017047, -0.000000, 0.000000, 0.005459}
    },
    {
      {0.000000, 0.000000, 1.859572, 0.000000, 0.000000, 0.986082, -0.000000, 0.000000, -0.000000, -0.000000, 0.000000, -0.000000},
      {0.000000, -0.150011, 0.000000, 0.000000, -0.149935, 0.000000, 0.499477, 0.000000, -0.000000, 0.076997, 0.000000, -0.000000},
      {0.150011, -0.000000, -0.000000, 0.149935, -0.000000, -0.000000, 0.000000, 0.499477, 0.000000, 0.000000, 0.076997, 0.000000},
      {-0.000000, -0.000000, 0.000000, -0.000000, -0.000000, 0.000000, 0.000000, -0.000000, 0.017047, 0.000000, -0.000000, 0.005459}
    },
    {
      {-0.000000, 0.000000, 1.859572, -0.000000, 0.000000, 0.986082, -0.000000, -0.000000, -0.000000, -0.000000, -0.000000, -0.000000},
      {0.000000, -0.150038, -0.000000, 0.000000, -0.151758, -0.000000, 0.492701, 0.000000, -0.000000, 0.076983, -0.000000, 0.000000},
      {0.150011, -0.000000, 0.000000, 0.149935, -0.000000, 0.000000, -0.000000, 0.499477, -0.000000, -0.000000, 0.076997, -0.000000},
      {0.000000, -0.000000, 0.000000, 0.000000, 0.000000, 0.000000, -0.000000, 0.000000, 0.017047, -0.000000, 0.000000, 0.005459}
    }
  },
  {
    {
      {-0.000000, 0.000000, 1.859572, -0.000000, 0.000000, 0.986082, -0.000000, -0.000000, -0.000000, -0.000000, -0.000000, -0.000000},
      {0.000000, -0.150038, -0.000000, 0.000000, -0.151758, -0.000000, 0.492701, 0.000000, -0.000000, 0.076983, 0.000000, -0.000000},
      {0.149989, 0.000000, 0.000000, 0.148516, -0.000000, -0.000000, 0.000000, 0.504987, 0.000000, 0.000000, 0.077008, -0.000000},
      {-0.000000, 0.000000, 0.000000, -0.000000, 0.000000, 0.000000, -0.000000, -0.000000, 0.017047, -0.000000, -0.000000, 0.005459}
    },
    {
      {0.000000, -0.000000, 1.859572, 0.000000, 0.000000, 0.986082, -0.000000, 0.000000, 0.000000, 0.000000, 0.000000, 0.000000},
      {0.000000, -0.150011, 0.000000, 0.000000, -0.149935, 0.000000, 0.499477, 0.000000, -0.000000, 0.076997, 0.000000, -0.000000},
      {0.149989, 0.000000, -0.000000, 0.148516, 0.000000, -0.000000, -0.000000, 0.504987, -0.000000, -0.000000, 0.077008, -0.000000},
      {-0.000000, 0.000000, -0.000000, -0.000000, 0.000000, 0.000000, -0.000000, -0.000000, 0.017047, -0.000000, -0.000000, 0.005459}
    },
    {
      {0.000000, -0.000000, 1.859572, 0.000000, -0.000000, 0.986082, 0.000000, 0.000000, 0.000000, -0.000000, 0.000000, -0.000000},
      {0.000000, -0.149989, 0.000000, 0.000000, -0.148516, 0.000000, 0.504987, 0.000000, -0.000000, 0.077008, 0.000000, -0.000000},
      {0.149989, -0.000000, 0.000000, 0.148516, -0.000000, 0.000000, -0.000000, 0.504987, 0.000000, -0.000000, 0.077008, 0.000000},
      {-0.000000, 0.000000, -0.000000, -0.000000, 0.000000, -0.000000, -0.000000, -0.000000, 0.017047, -0.000000, -0.000000, 0.005459}
    },
    {
      {0.000000, 0.000000, 1.859572, 0.000000, 0.000000, 0.986082, 0.000000, 0.000000, 0.000000, -0.000000, 0.000000, -0.000000},
      {0.000000, -0.149972, 0.000000, 0.000000, -0.147454, 0.000000, 0.509253, 0.000000, 0.000000, 0.077016, 0.000000, 0.000000},
      {0.149989, -0.000000, 0.000000, 0.148516, -0.000000, 0.000000, 0.000000, 0.504987, -0.000000, 0.000000, 0.077008, -0.000000},
      {-0.000000, -0.000000, 0.000000, -0.000000, -0.000000, 0.000000, 0.000000, -0.000000, 0.017047, 0.000000, 0.000000, 0.005459}
    },
    {
      {0.000000, 0.000000, 1.859572, 0.000000, 0.000000, 0.986082, -0.000000, 0.000000, 0.000000, -0.000000, 0.000000, 0.000000},
      {-0.000000, -0.149960, -0.000000, -0.000000, -0.146717, -0.000000, 0.512290, -0.000000, 0.000000, 0.077022, -0.000000, 0.000000},
      {0.149989, 0.000000, 0.000000, 0.148516, 0.000000, 0.000000, -0.000000, 0.504987, 0.000000, -0.000000, 0.077008, 0.000000},
      {0.000000, 0.000000, -0.000000, 0.000000, 0.000000, -0.000000, 0.000000, 0.000000, 0.017047, 0.000000, 0.000000, 0.005459}
    },
    {
      {-0.000000, 0.000000, 1.859572, -0.000000, 0.000000, 0.986082, -0.000000, -0.000000, -0.000000, 0.000000, 0.000000, -0.000000},
      {-0.000000, -0.149953, -0.000000, -0.000000, -0.146283, -0.000000, 0.514109, -0.000000, 0.000000, 0.077026, -0.000000, 0.000000},
      {0.149989, 0.000000, 0.000000, 0.148516, 0.000000, 0.000000, -0.000000, 0.504987, 0.000000, -0.000000, 0.077008, 0.000000},
      {0.000000, -0.000000, -0.000000, 0.000000, -0.000000, -0.000000, 0.000000, 0.000000, 0.017047, 0.000000, 0.000000, 0.005459}
    },
    {
      {0.000000, 0.000000, 1.859572, 0.000000, 0.000000, 0.986082, -0.000000, 0.000000, 0.000000, -0.000000, 0.000000, 0.000000},
      {0.000000, -0.149951, -0.000000, 0.000000, -0.146139, -0.000000, 0.514714, 0.000000, -0.000000, 0.077027, 0.000000, -0.000000},
      {0.149989, -0.000000, -0.000000, 0.148516, -0.000000, 0.000000, 0.000000, 0.504987, 0.000000, 0.000000, 0.077008, 0.000000},
      {-0.000000, 0.000000, -0.000000, 0.000000, 0.000000, 0.000000, -0.000000, 0.000000, 0.017047, -0.000000, 0.000000, 0.005459}
    },
    {
      {-0.000000, 0.000000, 1.859572, -0.000000, 0.000000, 0.986082, -0.000000, -0.000000, -0.000000, 0.000000, 0.000000, -0.000000},
      {-0.000000, -0.149953, -0.000000, -0.000000, -0.146283, -0.000000, 0.514109, -0.000000, 0.000000, 0.077026, -0.000000, 0.000000},
      {0.149989, 0.000000, 0.000000, 0.148516, 0.000000, 0.000000, -0.000000, 0.504987, 0.000000, -0.000000, 0.077008, 0.000000},
      {0.000000, -0.000000, -0.000000, 0.000000, -0.000000, -0.000000, 0.000000, 0.000000, 0.017047, 0.000000, 0.000000, 0.005459}
    },
    {
      {0.000000, 0.000000, 1.859572, 0.000000, 0.000000, 0.986082, -0.000000, 0.000000, 0.000000, -0.000000, 0.000000, 0.000000},
      {-0.000000, -0.149960, -0.000000, -0.000000, -0.146717, -0.000000, 0.512290, -0.000000, 0.000000, 0.077022, -0.000000, 0.000000},
      {0.149989, 0.000000, 0.000000, 0.148516, 0.000000, 0.000000, -0.000000, 0.504987, 0.000000, -0.000000, 0.077008, 0.000000},
      {0.000000, 0.000000, -0.000000, 0.000000, 0.000000, -0.000000, 0.000000, 0.000000, 0.017047, 0.000000, 0.000000, 0.005459}
    },
    {
      {0.000000, 0.000000, 1.859572, 0.000000, 0.000000, 0.986082, 0.000000, 0.000000, 0.000000, -0.000000, 0.000000, -0.000000},
      {0.000000, -0.149972, 0.000000, 0.000000, -0.147454, 0.000000, 0.509253, 0.000000, 0.000000, 0.077016, 0.000000, 0.000000},
      {0.149989, -0.000000, 0.000000, 0.148516, -0.000000, 0.000000, 0.000000, 0.504987, -0.000000, 0.000000, 0.077008, -0.000000},
      {-0.000000, -0.000000, 0.000000, -0.000000, -0.000000, 0.000000, 0.000000, -0.000000, 0.017047, 0.000000, 0.000000, 0.005459}
    },
    {
      {0.000000, -0.000000, 1.859572, 0.000000, -0.000000, 0.986082, 0.000000, 0.000000, 0.000000, -0.000000, 0.000000, -0.000000},
      {0.000000, -0.149989, 0.000000, 0.000000, -0.148516, 0.000000, 0.504987, 0.000000, -0.000000, 0.077008, 0.000000, -0.000000},
      {0.149989, -0.000000, 0.000000, 0.148516, -0.000000, 0.000000, -0.000000, 0.504987, 0.000000, -0.000000, 0.077008, 0.000000},
      {-0.000000, 0.000000, -0.000000, -0.000000, 0.000000, -0.000000, -0.000000, -0.000000, 0.017047, -0.000000, -0.000000, 0.005459}
    },
    {
      {0.000000, -0.000000, 1.859572, 0.000000, 0.000000, 0.986082, -0.000000, 0.000000, 0.000000, 0.000000, 0.000000, 0.000000},
      {0.000000, -0.150011, 0.000000, 0.000000, -0.149935, 0.000000, 0.499477, 0.000000, -0.000000, 0.076997, 0.000000, -0.000000},
      {0.149989, 0.000000, -0.000000, 0.148516, 0.000000, -0.000000, -0.000000, 0.504987, -0.000000, -0.000000, 0.077008, -0.000000},
      {-0.000000, 0.000000, -0.000000, -0.000000, 0.000000, 0.000000, -0.000000, -0.000000, 0.017047, -0.000000, -0.000000, 0.005459}
    },
    {
      {-0.000000, 0.000000, 1.859572, -0.000000, 0.000000, 0.986082, -0.000000, -0.000000, -0.000000, -0.000000, -0.000000, -0.000000},
      {0.000000, -0.150038, -0.000000, 0.000000, -0.151758, -0.000000, 0.492701, 0.000000, -0.000000, 0.076983, 0.000000, -0.000000},
      {0.149989, 0.000000, 0.000000, 0.148516, -0.000000, -0.000000, 0.000000, 0.504987, 0.000000, 0.000000, 0.077008, -0.000000},
      {-0.000000, 0.000000, 0.000000, -0.000000, 0.000000, 0.000000, -0.000000, -0.000000, 0.017047, -0.000000, -0.000000, 0.005459}
    }
  },
  {
    {
      {-0.000000, -0.000000, 1.859572, -0.000000, -0.000000, 0.986082, 0.000000, -0.000000, 0.000000, 0.000000, -0.000000, 0.000000},
      {-0.000000, -0.150038, 0.000000, -0.000000, -0.151758, 0.000000, 0.492701, -0.000000, -0.000000, 0.076983, -0.000000, -0.000000},
      {0.149972, -0.000000, 0.000000, 0.147454, -0.000000, 0.000000, -0.000000, 0.509253, 0.000000, -0.000000, 0.077016, 0.000000},
      {-0.000000, -0.000000, -0.000000, -0.000000, -0.000000, -0.000000, 0.000000, -0.000000, 0.017047, 0.000000, -0.000000, 0.005459}
    },
    {
      {0.000000, -0.000000, 1.859572, 0.000000, -0.000000, 0.986082, 0.000000, 0.000000, -0.000000, 0.000000, 0.000000, -0.000000},
      {-0.000000, -0.150011, -0.000000, -0.000000, -0.149935, -0.000000, 0.499477, -0.000000, -0.000000, 0.076997, -0.000000, 0.000000},
      {0.149972, 0.000000, -0.000000, 0.147454, 0.000000, -0.000000, -0.000000, 0.509253, 0.000000, -0.000000, 0.077016, 0.000000},
      {-0.000000, -0.000000, -0.000000, -0.000000, -0.000000, -0.000000, 0.000000, -0.000000, 0.017047, 0.000000, 0.000000, 0.005459}
    },
    {
      {0.000000, 0.000000, 1.859572, 0.000000, 0.000000, 0.986082, -0.000000, 0.000000, 0.000000, -0.000000, 0.000000, 0.000000},
      {-0.000000, -0.149989, -0.000000, -0.000000, -0.148516, -0.000000, 0.504987, -0.000000, -0.000000, 0.077008, -0.000000, -0.000000},
      {0.149972, -0.000000, 0.000000, 0.147454, 0.000000, 0.000000, 0.000000, 0.509253, -0.000000, -0.000000, 0.077016, -0.000000},
      {0.000000, -0.000000, -0.000000, 0.000000, -0.000000, -0.000000, 0.000000, 0.000000, 0.017047, -0.000000, 0.000000, 0.005459}
    },
    {
      {0.000000, -0.000000, 1.859572, 0.000000, -0.000000, 0.986082, 0.000000, 0.000000, 0.000000, -0.000000, 0.000000, -0.000000},
      {0.000000, -0.149972, 0.000000, 0.000000, -0.147454, 0.000000, 0.509253, 0.000000, 0.000000, 0.077016, 0.000000, 0.000000},
      {0.149972, 0.000000, -0.000000, 0.147454, 0.000000, -0.000000, -0.000000, 0.509253, 0.000000, -0.000000, 0.077016, 0.000000},
      {-0.000000, 0.000000, 0.000000, -0.000000, 0.000000, 0.000000, -0.000000, -0.000000, 0.017047, 0.000000, -0.000000, 0.005459}
    },
    {
      {0.000000, 0.000000, 1.859572, 0.000000, 0.000000, 0.986082, -0.000000, 0.000000, 0.000000, -0.000000, 0.000000, 0.000000},
      {-0.000000, -0.149960, -0.000000, -0.000000, -0.146717, 0.000000, 0.512290, -0.000000, 0.000000, 0.077022, -0.000000, 0.000000},
      {0.149972, 0.000000, 0.000000, 0.147454, 0.000000, 0.000000, -0.000000, 0.509253, -0.000000, -0.000000, 0.077016, 0.000000},
      {-0.000000, -0.000000, -0.000000, -0.000000, -0.000000, -0.000000, 0.000000, 0.000000, 0.017047, 0.000000, 0.000000, 0.005459}
    },
    {
      {0.000000, -0.000000, 1.859572, 0.000000, -0.000000, 0.986082, -0.000000, 0.000000, -0.000000, -0.000000, 0.000000, -0.000000},
      {-0.000000, -0.149953, -0.000000, -0.000000, -0.146283, 0.000000, 0.514109, -0.000000, 0.000000, 0.077026, -0.000000, -0.000000},
      {0.149972, 0.000000, 0.000000, 0.147454, 0.000000, 0.000000, -0.000000, 0.509253, -0.000000, -0.000000, 0.077016, -0.000000},
      {-0.000000, -0.000000, -0.000000, -0.000000, -0.000000, -0.000000, 0.000000, -0.000000, 0.017047, 0.000000, -0.000000, 0.005459}
    },
    {
      {0.000000, -0.000000, 1.859572, 0.000000, -0.000000, 0.986082, 0.000000, 0.000000, 0.000000, 0.000000, 0.000000, -0.000000},
      {0.000000, -0.149951, -0.000000, 0.000000, -0.146139, -0.000000, 0.514714, 0.000000, -0.000000, 0.077027, 0.000000, -0.000000},
      {0.149972, -0.000000, -0.000000, 0.147454, -0.000000, -0.000000, -0.000000, 0.509253, 0.000000, -0.000000, 0.077016, 0.000000},
      {0.000000, -0.000000, 0.000000, -0.000000, -0.000000, 0.000000, 0.000000, -0.000000, 0.017047, 0.000000, -0.000000, 0.005459}
    },
    {
      {0.000000, -0.000000, 1.859572, 0.000000, -0.000000, 0.986082, -0.000000, 0.000000, -0.000000, -0.000000, 0.000000, -0.000000},
      {-0.000000, -0.149953, -0.000000, -0.000000, -0.146283, 0.000000, 0.514109, -0.000000, 0.000000, 0.077026, -0.000000, -0.000000},
      {0.149972, 0.000000, 0.000000, 0.147454, 0.000000, 0.000000, -0.000000, 0.509253, -0.000000, -0.000000, 0.077016, -0.000000},
      {-0.000000, -0.000000, -0.000000, -0.000000, -0.000000, -0.000000, 0.000000, -0.000000, 0.017047, 0.000000, -0.000000, 0.005459}
    },
    {
      {0.000000, 0.000000, 1.859572, 0.000000, 0.000000, 0.986082, -0.000000, 0.000000, 0.000000, -0.000000, 0.000000, 0.000000},
      {-0.000000, -0.149960, -0.000000, -0.000000, -0.146717, 0.000000, 0.512290, -0.000000, 0.000000, 0.077022, -0.000000, 0.000000},
      {0.149972, 0.000000, 0.000000, 0.147454, 0.000000, 0.000000, -0.000000, 0.509253, -0.000000, -0.000000, 0.077016, 0.000000},
      {-0.000000, -0.000000, -0.000000, -0.000000, -0.000000, -0.000000, 0.000000, 0.000000, 0.017047, 0.000000, 0.000000, 0.005459}
    },
    {
      {0.000000, -0.000000, 1.859572, 0.000000, -0.000000, 0.986082, 0.000000, 0.000000, 0.000000, -0.000000, 0.000000, -0.000000},
      {0.000000, -0.149972, 0.000000, 0.000000, -0.147454, 0.000000, 0.509253, 0.000000, 0.000000, 0.077016, 0.000000, 0.000000},
      {0.149972, 0.000000, -0.000000, 0.147454, 0.000000, -0.000000, -0.000000, 0.509253, 0.000000, -0.000000, 0.077016, 0.000000},
      {-0.000000, 0.000000, 0.000000, -0.000000, 0.000000, 0.000000, -0.000000, -0.000000, 0.017047, 0.000000, -0.000000, 0.005459}
    },
    {
      {0.000000, 0.000000, 1.859572, 0.000000, 0.000000, 0.986082, -0.000000, 0.000000, 0.000000, -0.000000, 0.000000, 0.000000},
      {-0.000000, -0.149989, -0.000000, -0.000000, -0.148516, -0.000000, 0.504987, -0.000000, -0.000000, 0.077008, -0.000000, -0.000000},
      {0.149972, -0.000000, 0.000000, 0.147454, 0.000000, 0.000000, 0.000000, 0.509253, -0.000000, -0.000000, 0.077016, -0.000000},
      {0.000000, -0.000000, -0.000000, 0.000000, -0.000000, -0.000000, 0.000000, 0.000000, 0.017047, -0.000000, 0.000000, 0.005459}
    },
    {
      {0.000000, -0.000000, 1.859572, 0.000000, -0.000000, 0.986082, 0.000000, 0.000000, -0.000000, 0.000000, 0.000000, -0.000000},
      {-0.000000, -0.150011, -0.000000, -0.000000, -0.149935, -0.000000, 0.499477, -0.000000, -0.000000, 0.076997, -0.000000, 0.000000},
      {0.149972, 0.000000, -0.000000, 0.147454, 0.000000, -0.000000, -0.000000, 0.509253, 0.000000, -0.000000, 0.077016, 0.000000},
      {-0.000000, -0.000000, -0.000000, -0.000000, -0.000000, -0.000000, 0.000000, -0.000000, 0.017047, 0.000000, 0.000000, 0.005459}
    },
    {
      {-0.000000, -0.000000, 1.859572, -0.000000, -0.000000, 0.986082, 0.000000, -0.000000, 0.000000, 0.000000, -0.000000, 0.000000},
      {-0.000000, -0.150038, 0.000000, -0.000000, -0.151758, 0.000000, 0.492701, -0.000000, -0.000000, 0.076983, -0.000000, -0.000000},
      {0.149972, -0.000000, 0.000000, 0.147454, -0.000000, 0.000000, -0.000000, 0.509253, 0.000000, -0.000000, 0.077016, 0.000000},
      {-0.000000, -0.000000, -0.000000, -0.000000, -0.000000, -0.000000, 0.000000, -0.000000, 0.017047, 0.000000, -0.000000, 0.005459}
    }
  },
  {
    {
      {0.000000, 0.000000, 1.859572, 0.000000, 0.000000, 0.986082, -0.000000, 0.000000, 0.000000, -0.000000, 0.000000, 0.000000},
      {0.000000, -0.150038, -0.000000, 0.000000, -0.151758, -0.000000, 0.492701, 0.000000, 0.000000, 0.076983, 0.000000, 0.000000},
      {0.149960, 0.000000, -0.000000, 0.146717, 0.000000, -0.000000, 0.000000, 0.512290, 0.000000, 0.000000, 0.077022, 0.000000},
      {-0.000000, -0.000000, 0.000000, -0.000000, -0.000000, 0.000000, 0.000000, 0.000000, 0.017047, 0.000000, 0.000000, 0.005459}
    },
    {
      {0.000000, 0.000000, 1.859572, 0.000000, 0.000000, 0.986082, -0.000000, 0.000000, 0.000000, -0.000000, 0.000000, 0.000000},
      {-0.000000, -0.150011, 0.000000, -0.000000, -0.149935, 0.000000, 0.499477, -0.000000, -0.000000, 0.076997, -0.000000, -0.000000},
      {0.149960, 0.000000, 0.000000, 0.146717, 0.000000, 0.000000, 0.000000, 0.512290, -0.000000, 0.000000, 0.077022, -0.000000},
      {0.000000, -0.000000, -0.000000, 0.000000, 0.000000, -0.000000, -0.000000, 0.000000, 0.017047, 0.000000, 0.000000, 0.005459}
    },
    {
      {-0.000000, 0.000000, 1.859572, 0.000000, 0.000000, 0.986082, -0.000000, 0.000000, 0.000000, -0.000000, 0.000000, -0.000000},
      {-0.000000, -0.149989, -0.000000, -0.000000, -0.148516, -0.000000, 0.504987, -0.000000, -0.000000, 0.077008, -0.000000, -0.000000},
      {0.149960, 0.000000, 0.000000, 0.146717, 0.000000, -0.000000, -0.000000, 0.512290, 0.000000, -0.000000, 0.077022, 0.000000},
      {0.000000, 0.000000, 0.000000, -0.000000, -0.000000, 0.000000, 0.000000, -0.000000, 0.017047, 0.000000, -0.000000, 0.005459}
    },
    {
      {0.000000, 0.000000, 1.859572, 0.000000, 0.000000, 0.986082, -0.000000, 0.000000, -0.000000, -0.000000, 0.000000, -0.000000},
      {0.000000, -0.149972, -0.000000, 0.000000, -0.147454, -0.000000, 0.509253, 0.000000, 0.000000, 0.077016, 0.000000, -0.000000},
      {0.149960, -0.000000, 0.000000, 0.146717, -0.000000, 0.000000, 0.000000, 0.512290, 0.000000, 0.000000, 0.077022, 0.000000},
      {0.000000, -0.000000, -0.000000, 0.000000, -0.000000, -0.000000, 0.000000, 0.000000, 0.017047, 0.000000, 0.000000, 0.005459}
    },
    {
      {0.000000, -0.000000, 1.859572, 0.000000, -0.000000, 0.986082, 0.000000, 0.000000, 0.000000, 0.000000, 0.000000, -0.000000},
      {0.000000, -0.149960, 0.000000, -0.000000, -0.146717, 0.000000, 0.512290, -0.000000, -0.000000, 0.077022, -0.000000, -0.000000},
      {0.149960, 0.000000, -0.000000, 0.146717, 0.000000, -0.000000, -0.000000, 0.512290, 0.000000, -0.000000, 0.077022, 0.000000},
      {-0.000000, -0.000000, -0.000000, -0.000000, -0.000000, -0.000000, 0.000000, -0.000000, 0.017047, 0.000000, -0.000000, 0.005459}
    },
    {
      {0.000000, 0.000000, 1.859572, 0.000000, -0.000000, 0.986082, 0.000000, 0.000000, 0.000000, -0.000000, -0.000000, -0.000000},
      {-0.000000, -0.149953, 0.000000, -0.000000, -0.146283, 0.000000, 0.514109, -0.000000, 0.000000, 0.077026, -0.000000, 0.000000},
      {0.149960, -0.000000, -0.000000, 0.146717, -0.000000, 0.000000, 0.000000, 0.512290, -0.000000, 0.000000, 0.077022, -0.000000},
      {0.000000, 0.000000, -0.000000, 0.000000, 0.000000, -0.000000, -0.000000, -0.000000, 0.017047, -0.000000, -0.000000, 0.005459}
    },
    {
      {-0.000000, -0.000000, 1.859572, 0.000000, -0.000000, 0.986082, -0.000000, 0.000000, 0.000000, -0.000000, 0.000000, -0.000000},
      {0.000000, -0.149951, -0.000000, 0.000000, -0.146139, -0.000000, 0.514714, 0.000000, 0.000000, 0.077027, -0.000000, 0.000000},
      {0.149960, -0.000000, 0.000000, 0.146717, -0.000000, 0.000000, -0.000000, 0.512290, -0.000000, -0.000000, 0.077022, -0.000000},
      {-0.000000, 0.000000, -0.000000, -0.000000, 0.000000, 0.000000, 0.000000, -0.000000, 0.017047, -0.000000, -0.000000, 0.005459}
    },
    {
      {0.000000, 0.000000, 1.859572, 0.000000, -0.000000, 0.986082, 0.000000, 0.000000, 0.000000, -0.000000, -0.000000, -0.000000},
      {-0.000000, -0.149953, 0.000000, -0.000000, -0.146283, 0.000000, 0.514109, -0.000000, 0.000000, 0.077026, -0.000000, 0.000000},
      {0.149960, -0.000000, -0.000000, 0.146717, -0.000000, 0.000000, 0.000000, 0.512290, -0.000000, 0.000000, 0.077022, -0.000000},
      {0.000000, 0.000000, -0.000000, 0.000000, 0.000000, -0.000000, -0.000000, -0.000000, 0.017047, -0.000000, -0.000000, 0.005459}
    },
    {
      {0.000000, -0.000000, 1.859572, 0.000000, -0.000000, 0.986082, 0.000000, 0.000000, 0.000000, 0.000000, 0.000000, -0.000000},
      {0.000000, -0.149960, 0.000000, -0.000000, -0.146717, 0.000000, 0.512290, -0.000000, -0.000000, 0.077022, -0.000000, -0.000000},
      {0.149960, 0.000000, -0.000000, 0.146717, 0.000000, -0.000000, -0.000000, 0.512290, 0.000000, -0.000000, 0.077022, 0.000000},
      {-0.000000, -0.000000, -0.000000, -0.000000, -0.000000, -0.000000, 0.000000, -0.000000, 0.017047, 0.000000, -0.000000, 0.005459}
    },
    {
      {0.000000, 0.000000, 1.859572, 0.000000, 0.000000, 0.986082, -0.000000, 0.000000, -0.000000, -0.000000, 0.000000, -0.000000},
      {0.000000, -0.149972, -0.000000, 0.000000, -0.147454, -0.000000, 0.509253, 0.000000, 0.000000, 0.077016, 0.000000, -0.000000},
      {0.149960, -0.000000, 0.000000, 0.146717, -0.000000, 0.000000, 0.000000, 0.512290, 0.000000, 0.000000, 0.077022, 0.000000},
      {0.000000, -0.000000, -0.000000, 0.000000, -0.000000, -0.000000, 0.000000, 0.000000, 0.017047, 0.000000, 0.000000, 0.005459}
    },
    {
      {-0.000000, 0.000000, 1.859572, 0.000000, 0.000000, 0.986082, -0.000000, 0.000000, 0.000000, -0.000000, 0.000000, -0.000000},
      {-0.000000, -0.149989, -0.000000, -0.000000, -0.148516, -0.000000, 0.504987, -0.000000, -0.000000, 0.077008, -0.000000, -0.000000},
      {0.149960, 0.000000, 0.000000, 0.146717, 0.000000, -0.000000, -0.000000, 0.512290, 0.000000, -0.000000, 0.077022, 0.000000},
      {0.000000, 0.000000, 0.000000, -0.000000, -0.000000, 0.000000, 0.000000, -0.000000, 0.017047, 0.000000, -0.000000, 0.005459}
    },
    {
      {0.000000, 0.000000, 1.859572, 0.000000, 0.000000, 0.986082, -0.000000, 0.000000, 0.000000, -0.000000, 0.000000, 0.000000},
      {-0.000000, -0.150011, 0.000000, -0.000000, -0.149935, 0.000000, 0.499477, -0.000000, -0.000000, 0.076997, -0.000000, -0.000000},
      {0.149960, 0.000000, 0.000000, 0.146717, 0.000000, 0.000000, 0.000000, 0.512290, -0.000000, 0.000000, 0.077022, -0.000000},
      {0.000000, -0.000000, -0.000000, 0.000000, 0.000000, -0.000000, -0.000000, 0.000000, 0.017047, 0.000000, 0.000000, 0.005459}
    },
    {
      {0.000000, 0.000000, 1.859572, 0.000000, 0.000000, 0.986082, -0.000000, 0.000000, 0.000000, -0.000000, 0.000000, 0.000000},
      {0.000000, -0.150038, -0.000000, 0.000000, -0.151758, -0.000000, 0.492701, 0.000000, 0.000000, 0.076983, 0.000000, 0.000000},
      {0.149960, 0.000000, -0.000000, 0.146717, 0.000000, -0.000000, 0.000000, 0.512290, 0.000000, 0.000000, 0.077022, 0.000000},
      {-0.000000, -0.000000, 0.000000, -0.000000, -0.000000, 0.000000, 0.000000, 0.000000, 0.017047, 0.000000, 0.000000, 0.005459}
    }
  },
  {
    {
      {0.000000, -0.000000, 1.859572, 0.000000, 0.000000, 0.986082, 0.000000, 0.000000, 0.000000, 0.000000, 0.000000, 0.000000},
      {0.000000, -0.150038, 0.000000, 0.000000, -0.151758, 0.000000, 0.492701, 0.000000, 0.000000, 0.076983, 0.000000, 0.000000},
      {0.149953, -0.000000, -0.000000, 0.146283, -0.000000, -0.000000, 0.000000, 0.514109, 0.000000, 0.000000, 0.077026, 0.000000},
      {0.000000, 0.000000, -0.000000, 0.000000, 0.000000, -0.000000, -0.000000, 0.000000, 0.017047, 0.000000, 0.000000, 0.005459}
    },
    {
      {0.000000, 0.000000, 1.859572, 0.000000, 0.000000, 0.986082, -0.000000, 0.000000, -0.000000, -0.000000, 0.000000, 0.000000},
      {-0.000000, -0.150011, 0.000000, -0.000000, -0.149935, 0.000000, 0.499477, -0.000000, -0.000000, 0.076997, -0.000000, -0.000000},
      {0.149953, -0.000000, 0.000000, 0.146283, -0.000000, -0.000000, 0.000000, 0.514109, -0.000000, 0.000000, 0.077026, -0.000000},
      {-0.000000, -0.000000, 0.000000, -0.000000, -0.000000, 0.000000, 0.000000, -0.000000, 0.017047, -0.000000, -0.000000, 0.005459}
    },
    {
      {0.000000, -0.000000, 1.859572, 0.000000, -0.000000, 0.986082, -0.000000, 0.000000, 0.000000, -0.000000, 0.000000, 0.000000},
      {-0.000000, -0.149989, 0.000000, -0.000000, -0.148516, 0.000000, 0.504987, 0.000000, -0.000000, 0.077008, 0.000000, -0.000000},
      {0.149953, 0.000000, 0.000000, 0.146283, 0.000000, 0.000000, -0.000000, 0.514109, 0.000000, -0.000000, 0.077026, 0.000000},
      {-0.000000, -0.000000, -0.000000, 0.000000, -0.000000, -0.000000, 0.000000, 0.000000, 0.017047, 0.000000, 0.000000, 0.005459}
    },
    {
      {0.000000, 0.000000, 1.859572, 0.000000, 0.000000, 0.986082, -0.000000, 0.000000, 0.000000, 0.000000, 0.000000, 0.000000},
      {-0.000000, -0.149972, -0.000000, -0.000000, -0.147454, -0.000000, 0.509253, -0.000000, 0.000000, 0.077016, -0.000000, 0.000000},
      {0.149953, -0.000000, 0.000000, 0.146283, -0.000000, 0.000000, 0.000000, 0.514109, 0.000000, 0.000000, 0.077026, 0.000000},
      {-0.000000, 0.000000, -0.000000, -0.000000, 0.000000, -0.000000, 0.000000, -0.000000, 0.017047, 0.000000, -0.000000, 0.005459}
    },
    {
      {0.000000, -0.000000, 1.859572, 0.000000, -0.000000, 0.986082, 0.000000, 0.000000, -0.000000, 0.000000, 0.000000, -0.000000},
      {-0.000000, -0.149960, 0.000000, -0.000000, -0.146717, 0.000000, 0.512290, -0.000000, 0.000000, 0.077022, 0.000000, 0.000000},
      {0.149953, 0.000000, 0.000000, 0.146283, 0.000000, 0.000000, 0.000000, 0.514109, 0.000000, 0.000000, 0.077026, 0.000000},
      {0.000000, 0.000000, -0.000000, 0.000000, -0.000000, -0.000000, 0.000000, 0.000000, 0.017047, 0.000000, 0.000000, 0.005459}
    },
    {
      {-0.000000, 0.000000, 1.859572, 0.000000, 0.000000, 0.986082, -0.000000, 0.000000, 0.000000, -0.000000, 0.000000, -0.000000},
      {0.000000, -0.149953, -0.000000, 0.000000, -0.146283, -0.000000, 0.514109, 0.000000, 0.000000, 0.077026, 0.000000, 0.000000},
      {0.149953, -0.000000, 0.000000, 0.146283, -0.000000, 0.000000, 0.000000, 0.514109, -0.000000, 0.000000, 0.077026, -0.000000},
      {-0.000000, -0.000000, -0.000000, -0.000000, -0.000000, -0.000000, 0.000000, -0.000000, 0.017047, 0.000000, -0.000000, 0.005459}
    },
    {
      {0.000000, 0.000000, 1.859572, 0.000000, 0.000000, 0.986082, -0.000000, 0.000000, 0.000000, -0.000000, 0.000000, -0.000000},
      {0.000000, -0.149951, -0.000000, 0.000000, -0.146139, -0.000000, 0.514714, 0.000000, 0.000000, 0.077027, 0.000000, 0.000000},
      {0.149953, -0.000000, 0.000000, 0.146283, -0.000000, 0.000000, 0.000000, 0.514109, -0.000000, 0.000000, 0.077026, -0.000000},
      {-0.000000, -0.000000, -0.000000, -0.000000, -0.000000, -0.000000, 0.000000, -0.000000, 0.017047, 0.000000, -0.000000, 0.005459}
    },
    {
      {-0.000000, 0.000000, 1.859572, 0.000000, 0.000000, 0.986082, -0.000000, 0.000000, 0.000000, -0.000000, 0.000000, -0.000000},
      {0.000000, -0.149953, -0.000000, 0.000000, -0.146283, -0.000000, 0.514109, 0.000000, 0.000000, 0.077026, 0.000000, 0.000000},
      {0.149953, -0.000000, 0.000000, 0.146283, -0.000000, 0.000000, 0.000000, 0.514109, -0.000000, 0.000000, 0.077026, -0.000000},
      {-0.000000, -0.000000, -0.000000, -0.000000, -0.000000, -0.000000, 0.000000, -0.000000, 0.017047, 0.000000, -0.000000, 0.005459}
    },
    {
      {0.000000, -0.000000, 1.859572, 0.000000, -0.000000, 0.986082, 0.000000, 0.000000, -0.000000, 0.000000, 0.000000, -0.000000},
      {-0.000000, -0.149960, 0.000000, -0.000000, -0.146717, 0.000000, 0.512290, -0.000000, 0.000000, 0.077022, 0.000000, 0.000000},
      {0.149953, 0.000000, 0.000000, 0.146283, 0.000000, 0.000000, 0.000000, 0.514109, 0.000000, 0.000000, 0.077026, 0.000000},
      {0.000000, 0.000000, -0.000000, 0.000000, -0.000000, -0.000000, 0.000000, 0.000000, 0.017047, 0.000000, 0.000000, 0.005459}
    },
    {
      {0.000000, 0.000000, 1.859572, 0.000000, 0.000000, 0.986082, -0.000000, 0.000000, 0.000000, 0.000000, 0.000000, 0.000000},
      {-0.000000, -0.149972, -0.000000, -0.000000, -0.147454, -0.000000, 0.509253, -0.000000, 0.000000, 0.077016, -0.000000, 0.000000},
      {0.149953, -0.000000, 0.000000, 0.146283, -0.000000, 0.000000, 0.000000, 0.514109, 0.000000, 0.000000, 0.077026, 0.000000},
      {-0.000000, 0.000000, -0.000000, -0.000000, 0.000000, -0.000000, 0.000000, -0.000000, 0.017047, 0.000000, -0.000000, 0.005459}
    },
    {
      {0.000000, -0.000000, 1.859572, 0.000000, -0.000000, 0.986082, -0.000000, 0.000000, 0.000000, -0.000000, 0.000000, 0.000000},
      {-0.000000, -0.149989, 0.000000, -0.000000, -0.148516, 0.000000, 0.504987, 0.000000, -0.000000, 0.077008, 0.000000, -0.000000},
      {0.149953, 0.000000, 0.000000, 0.146283, 0.000000, 0.000000, -0.000000, 0.514109, 0.000000, -0.000000, 0.077026, 0.000000},
      {-0.000000, -0.000000, -0.000000, 0.000000, -0.000000, -0.000000, 0.000000, 0.000000, 0.017047, 0.000000, 0.000000, 0.005459}
    },
    {
      {0.000000, 0.000000, 1.859572, 0.000000, 0.000000, 0.986082, -0.000000, 0.000000, -0.000000, -0.000000, 0.000000, 0.000000},
      {-0.000000, -0.150011, 0.000000, -0.000000, -0.149935, 0.000000, 0.499477, -0.000000, -0.000000, 0.076997, -0.000000, -0.000000},
      {0.149953, -0.000000, 0.000000, 0.146283, -0.000000, -0.000000, 0.000000, 0.514109, -0.000000, 0.000000, 0.077026, -0.000000},
      {-0.000000, -0.000000, 0.000000, -0.000000, -0.000000, 0.000000, 0.000000, -0.000000, 0.017047, -0.000000, -0.000000, 0.005459}
    },
    {
      {0.000000, -0.000000, 1.859572, 0.000000, 0.000000, 0.986082, 0.000000, 0.000000, 0.000000, 0.000000, 0.000000, 0.000000},
      {0.000000, -0.150038, 0.000000, 0.000000, -0.151758, 0.000000, 0.492701, 0.000000, 0.000000, 0.076983, 0.000000, 0.000000},
      {0.149953, -0.000000, -0.000000, 0.146283, -0.000000, -0.000000, 0.000000, 0.514109, 0.000000, 0.000000, 0.077026, 0.000000},
      {0.000000, 0.000000, -0.000000, 0.000000, 0.000000, -0.000000, -0.000000, 0.000000, 0.017047, 0.000000, 0.000000, 0.005459}
    }
  },
  {
    {
      {0.000000, -0.000000, 1.859572, 0.000000, -0.000000, 0.986082, 0.000000, 0.000000, 0.000000, 0.000000, 0.000000, -0.000000},
      {-0.000000, -0.150038, 0.000000, 0.000000, -0.151758, 0.000000, 0.492701, 0.000000, 0.000000, 0.076983, 0.000000, 0.000000},
      {0.149951, -0.000000, 0.000000, 0.146139, -0.000000, 0.000000, 0.000000, 0.514714, -0.000000, 0.000000, 0.077027, -0.000000},
      {-0.000000, -0.000000, 0.000000, -0.000000, -0.000000, 0.000000, 0.000000, -0.000000, 0.017047, 0.000000, -0.000000, 0.005459}
    },
    {
      {0.000000, 0.000000, 1.859572, 0.000000, 0.000000, 0.986082, -0.000000, 0.000000, -0.000000, -0.000000, 0.000000, -0.000000},
      {0.000000, -0.150011, 0.000000, 0.000000, -0.149935, 0.000000, 0.499477, 0.000000, 0.000000, 0.076997, 0.000000, 0.000000},
      {0.149951, -0.000000, -0.000000, 0.146139, -0.000000, -0.000000, 0.000000, 0.514714, -0.000000, 0.000000, 0.077027, -0.000000},
      {0.000000, -0.000000, 0.000000, 0.000000, -0.000000, -0.000000, -0.000000, 0.000000, 0.017047, 0.000000, 0.000000, 0.005459}
    },
    {
      {-0.000000, 0.000000, 1.859572, 0.000000, 0.000000, 0.986082, -0.000000, 0.000000, -0.000000, -0.000000, 0.000000, -0.000000},
      {-0.000000, -0.149989, -0.000000, -0.000000, -0.148516, -0.000000, 0.504987, -0.000000, -0.000000, 0.077008, -0.000000, 0.000000},
      {0.149951, 0.000000, 0.000000, 0.146139, 0.000000, 0.000000, -0.000000, 0.514714, -0.000000, -0.000000, 0.077027, -0.000000},
      {0.000000, 0.000000, -0.000000, 0.000000, 0.000000, -0.000000, -0.000000, 0.000000, 0.017047, -0.000000, -0.000000, 0.005459}
    },
    {
      {-0.000000, 0.000000, 1.859572, 0.000000, 0.000000, 0.986082, -0.000000, 0.000000, -0.000000, -0.000000, -0.000000, -0.000000},
      {-0.000000, -0.149972, -0.000000, -0.000000, -0.147454, -0.000000, 0.509253, -0.000000, 0.000000, 0.077016, -0.000000, 0.000000},
      {0.149951, 0.000000, 0.000000, 0.146139, 0.000000, 0.000000, -0.000000, 0.514714, -0.000000, -0.000000, 0.077027, -0.000000},
      {-0.000000, 0.000000, -0.000000, -0.000000, 0.000000, -0.000000, 0.000000, -0.000000, 0.017047, 0.000000, -0.000000, 0.005459}
    },
    {
      {0.000000, -0.000000, 1.859572, 0.000000, -0.000000, 0.986082, 0.000000, 0.000000, -0.000000, -0.000000, 0.000000, -0.000000},
      {0.000000, -0.149960, 0.000000, 0.000000, -0.146717, -0.000000, 0.512290, 0.000000, 0.000000, 0.077022, 0.000000, 0.000000},
      {0.149951, -0.000000, 0.000000, 0.146139, -0.000000, 0.000000, 0.000000, 0.514714, 0.000000, 0.000000, 0.077027, 0.000000},
      {0.000000, 0.000000, -0.000000, 0.000000, 0.000000, -0.000000, 0.000000, 0.000000, 0.017047, 0.000000, -0.000000, 0.005459}
    },
    {
      {0.000000, 0.000000, 1.859572, 0.000000, 0.000000, 0.986082, -0.000000, 0.000000, -0.000000, -0.000000, 0.000000, -0.000000},
      {-0.000000, -0.149953, 0.000000, -0.000000, -0.146283, 0.000000, 0.514109, -0.000000, -0.000000, 0.077026, -0.000000, -0.000000},
      {0.149951, -0.000000, 0.000000, 0.146139, 0.000000, 0.000000, -0.000000, 0.514714, 0.000000, -0.000000, 0.077027, 0.000000},
      {0.000000, 0.000000, 0.000000, 0.000000, 0.000000, 0.000000, -0.000000, 0.000000, 0.017047, -0.000000, 0.000000, 0.005459}
    },
    {
      {0.000000, 0.000000, 1.859572, 0.000000, 0.000000, 0.986082, -0.000000, 0.000000, -0.000000, -0.000000, 0.000000, 0.000000},
      {0.000000, -0.149951, -0.000000, 0.000000, -0.146139, -0.000000, 0.514714, 0.000000, -0.000000, 0.077027, 0.000000, -0.000000},
      {0.149951, -0.000000, 0.000000, 0.146139, -0.000000, 0.000000, 0.000000, 0.514714, 0.000000, 0.000000, 0.077027, 0.000000},
      {0.000000, 0.000000, -0.000000, 0.000000, 0.000000, -0.000000, -0.000000, 0.000000, 0.017047, -0.000000, -0.000000, 0.005459}
    },
    {
      {0.000000, 0.000000, 1.859572, 0.000000, 0.000000, 0.986082, -0.000000, 0.000000, -0.000000, -0.000000, 0.000000, -0.000000},
      {-0.000000, -0.149953, 0.000000, -0.000000, -0.146283, 0.000000, 0.514109, -0.000000, -0.000000, 0.077026, -0.000000, -0.000000},
      {0.149951, -0.000000, 0.000000, 0.146139, 0.000000, 0.000000, -0.000000, 0.514714, 0.000000, -0.000000, 0.077027, 0.000000},
      {0.000000, 0.000000, 0.000000, 0.000000, 0.000000, 0.000000, -0.000000, 0.000000, 0.017047, -0.000000, 0.000000, 0.005459}
    },
    {
      {0.000000, -0.000000, 1.859572, 0.000000, -0.000000, 0.986082, 0.000000, 0.000000, -0.000000, -0.000000, 0.000000, -0.000000},
      {0.000000, -0.149960, 0.000000, 0.000000, -0.146717, -0.000000, 0.512290, 0.000000, 0.000000, 0.077022, 0.000000, 0.000000},
      {0.149951, -0.000000, 0.000000, 0.146139, -0.000000, 0.000000, 0.000000, 0.514714, 0.000000, 0.000000, 0.077027, 0.000000},
      {0.000000, 0.000000, -0.000000, 0.000000, 0.000000, -0.000000, 0.000000, 0.000000, 0.017047, 0.000000, -0.000000, 0.005459}
    },
    {
      {-0.000000, 0.000000, 1.859572, 0.000000, 0.000000, 0.986082, -0.000000, 0.000000, -0.000000, -0.000000, -0.000000, -0.000000},
      {-0.000000, -0.149972, -0.000000, -0.000000, -0.147454, -0.000000, 0.509253, -0.000000, 0.000000, 0.077016, -0.000000, 0.000000},
      {0.149951, 0.000000, 0.000000, 0.146139, 0.000000, 0.000000, -0.000000, 0.514714, -0.000000, -0.000000, 0.077027, -0.000000},
      {-0.000000, 0.000000, -0.000000, -0.000000, 0.000000, -0.000000, 0.000000, -0.000000, 0.017047, 0.000000, -0.000000, 0.005459}
    },
    {
      {-0.000000, 0.000000, 1.859572, 0.000000, 0.000000, 0.986082, -0.000000, 0.000000, -0.000000, -0.000000, 0.000000, -0.000000},
      {-0.000000, -0.149989, -0.000000, -0.000000, -0.148516, -0.000000, 0.504987, -0.000000, -0.000000, 0.077008, -0.000000, 0.000000},
      {0.149951, 0.000000, 0.000000, 0.146139, 0.000000, 0.000000, -0.000000, 0.514714, -0.000000, -0.000000, 0.077027, -0.000000},
      {0.000000, 0.000000, -0.000000, 0.000000, 0.000000, -0.000000, -0.000000, 0.000000, 0.017047, -0.000000, -0.000000, 0.005459}
    },
    {
      {0.000000, 0.000000, 1.859572, 0.000000, 0.000000, 0.986082, -0.000000, 0.000000, -0.000000, -0.000000, 0.000000, -0.000000},
      {0.000000, -0.150011, 0.000000, 0.000000, -0.149935, 0.000000, 0.499477, 0.000000, 0.000000, 0.076997, 0.000000, 0.000000},
      {0.149951, -0.000000, -0.000000, 0.146139, -0.000000, -0.000000, 0.000000, 0.514714, -0.000000, 0.000000, 0.077027, -0.000000},
      {0.000000, -0.000000, 0.000000, 0.000000, -0.000000, -0.000000, -0.000000, 0.000000, 0.017047, 0.000000, 0.000000, 0.005459}
    },
    {
      {0.000000, -0.000000, 1.859572, 0.000000, -0.000000, 0.986082, 0.000000, 0.000000, 0.000000, 0.000000, 0.000000, -0.000000},
      {-0.000000, -0.150038, 0.000000, 0.000000, -0.151758, 0.000000, 0.492701, 0.000000, 0.000000, 0.076983, 0.000000, 0.000000},
      {0.149951, -0.000000, 0.000000, 0.146139, -0.000000, 0.000000, 0.000000, 0.514714, -0.000000, 0.000000, 0.077027, -0.000000},
      {-0.000000, -0.000000, 0.000000, -0.000000, -0.000000, 0.000000, 0.000000, -0.000000, 0.017047, 0.000000, -0.000000, 0.005459}
    }
  },
  {
    {
      {0.000000, -0.000000, 1.859572, 0.000000, 0.000000, 0.986082, 0.000000, 0.000000, 0.000000, 0.000000, 0.000000, 0.000000},
      {0.000000, -0.150038, 0.000000, 0.000000, -0.151758, 0.000000, 0.492701, 0.000000, 0.000000, 0.076983, 0.000000, 0.000000},
      {0.149953, -0.000000, -0.000000, 0.146283, -0.000000, -0.000000, 0.000000, 0.514109, 0.000000, 0.000000, 0.077026, 0.000000},
      {0.000000, 0.000000, -0.000000, 0.000000, 0.000000, -0.000000, -0.000000, 0.000000, 0.017047, 0.000000, 0.000000, 0.005459}
    },
    {
      {0.000000, 0.000000, 1.859572, 0.000000, 0.000000, 0.986082, -0.000000, 0.000000, -0.000000, -0.000000, 0.000000, 0.000000},
      {-0.000000, -0.150011, 0.000000, -0.000000, -0.149935, 0.000000, 0.499477, -0.000000, -0.000000, 0.076997, -0.000000, -0.000000},
      {0.149953, -0.000000, 0.000000, 0.146283, -0.000000, -0.000000, 0.000000, 0.514109, -0.000000, 0.000000, 0.077026, -0.000000},
      {-0.000000, -0.000000, 0.000000, -0.000000, -0.000000, 0.000000, 0.000000, -0.000000, 0.017047, -0.000000, -0.000000, 0.005459}
    },
    {
      {0.000000, -0.000000, 1.859572, 0.000000, -0.000000, 0.986082, -0.000000, 0.000000, 0.000000, -0.000000, 0.000000, 0.000000},
      {-0.000000, -0.149989, 0.000000, -0.000000, -0.148516, 0.000000, 0.504987, 0.000000, -0.000000, 0.077008, 0.000000, -0.000000},
      {0.149953, 0.000000, 0.000000, 0.146283, 0.000000, 0.000000, -0.000000, 0.514109, 0.000000, -0.000000, 0.077026, 0.000000},
      {-0.000000, -0.000000, -0.000000, 0.000000, -0.000000, -0.000000, 0.000000, 0.000000, 0.017047, 0.000000, 0.000000, 0.005459}
    },
    {
      {0.000000, 0.000000, 1.859572, 0.000000, 0.000000, 0.986082, -0.000000, 0.000000, 0.000000, 0.000000, 0.000000, 0.000000},
      {-0.000000, -0.149972, -0.000000, -0.000000, -0.147454, -0.000000, 0.509253, -0.000000, 0.000000, 0.077016, -0.000000, 0.000000},
      {0.149953, -0.000000, 0.000000, 0.146283, -0.000000, 0.000000, 0.000000, 0.514109, 0.000000, 0.000000, 0.077026, 0.000000},
      {-0.000000, 0.000000, -0.000000, -0.000000, 0.000000, -0.000000, 0.000000, -0.000000, 0.017047, 0.000000, -0.000000, 0.005459}
    },
    {
      {0.000000, -0.000000, 1.859572, 0.000000, -0.000000, 0.986082, 0.000000, 0.000000, -0.000000, 0.000000, 0.000000, -0.000000},
      {-0.000000, -0.149960, 0.000000, -0.000000, -0.146717, 0.000000, 0.512290, -0.000000, 0.000000, 0.077022, 0.000000, 0.000000},
      {0.149953, 0.000000, 0.000000, 0.146283, 0.000000, 0.000000, 0.000000, 0.514109, 0.000000, 0.000000, 0.077026, 0.000000},
      {0.000000, 0.000000, -0.000000, 0.000000, -0.000000, -0.000000, 0.000000, 0.000000, 0.017047, 0.000000, 0.000000, 0.005459}
    },
    {
      {-0.000000, 0.000000, 1.859572, 0.000000, 0.000000, 0.986082, -0.000000, 0.000000, 0.000000, -0.000000, 0.000000, -0.000000},
      {0.000000, -0.149953, -0.000000, 0.000000, -0.146283, -0.000000, 0.514109, 0.000000, 0.000000, 0.077026, 0.000000, 0.000000},
      {0.149953, -0.000000, 0.000000, 0.146283, -0.000000, 0.000000, 0.000000, 0.514109, -0.000000, 0.000000, 0.077026, -0.000000},
      {-0.000000, -0.000000, -0.000000, -0.000000, -0.000000, -0.000000, 0.000000, -0.000000, 0.017047, 0.000000, -0.000000, 0.005459}
    },
    {
      {0.000000, 0.000000, 1.859572, 0.000000, 0.000000, 0.986082, -0.000000, 0.000000, 0.000000, -0.000000, 0.000000, -0.000000},
      {0.000000, -0.149951, -0.000000, 0.000000, -0.146139, -0.000000, 0.514714, 0.000000, 0.000000, 0.077027, 0.000000, 0.000000},
      {0.149953, -0.000000, 0.000000, 0.146283, -0.000000, 0.000000, 0.000000, 0.514109, -0.000000, 0.000000, 0.077026, -0.000000},
      {-0.000000, -0.000000, -0.000000, -0.000000, -0.000000, -0.000000, 0.000000, -0.000000, 0.017047, 0.000000, -0.000000, 0.005459}
    },
    {
      {-0.000000, 0.000000, 1.859572, 0.000000, 0.000000, 0.986082, -0.000000, 0.000000, 0.000000, -0.000000, 0.000000, -0.000000},
      {0.000000, -0.149953, -0.000000, 0.000000, -0.146283, -0.000000, 0.514109, 0.000000, 0.000000, 0.077026, 0.000000, 0.000000},
      {0.149953, -0.000000, 0.000000, 0.146283, -0.000000, 0.000000, 0.000000, 0.514109, -0.000000, 0.000000, 0.077026, -0.000000},
      {-0.000000, -0.000000, -0.000000, -0.000000, -0.000000, -0.000000, 0.000000, -0.000000, 0.017047, 0.000000, -0.000000, 0.005459}
    },
    {
      {0.000000, -0.000000, 1.859572, 0.000000, -0.000000, 0.986082, 0.000000, 0.000000, -0.000000, 0.000000, 0.000000, -0.000000},
      {-0.000000, -0.149960, 0.000000, -0.000000, -0.146717, 0.000000, 0.512290, -0.000000, 0.000000, 0.077022, 0.000000, 0.000000},
      {0.149953, 0.000000, 0.000000, 0.146283, 0.000000, 0.000000, 0.000000, 0.514109, 0.000000, 0.000000, 0.077026, 0.000000},
      {0.000000, 0.000000, -0.000000, 0.000000, -0.000000, -0.000000, 0.000000, 0.000000, 0.017047, 0.000000, 0.000000, 0.005459}
    },
    {
      {0.000000, 0.000000, 1.859572, 0.000000, 0.000000, 0.986082, -0.000000, 0.000000, 0.000000, 0.000000, 0.000000, 0.000000},
      {-0.000000, -0.149972, -0.000000, -0.000000, -0.147454, -0.000000, 0.509253, -0.000000, 0.000000, 0.077016, -0.000000, 0.000000},
      {0.149953, -0.000000, 0.000000, 0.146283, -0.000000, 0.000000, 0.000000, 0.514109, 0.000000, 0.000000, 0.077026, 0.000000},
      {-0.000000, 0.000000, -0.000000, -0.000000, 0.000000, -0.000000, 0.000000, -0.000000, 0.017047, 0.000000, -0.000000, 0.005459}
    },
    {
      {0.000000, -0.000000, 1.859572, 0.000000, -0.000000, 0.986082, -0.000000, 0.000000, 0.000000, -0.000000, 0.000000, 0.000000},
      {-0.000000, -0.149989, 0.000000, -0.000000, -0.148516, 0.000000, 0.504987, 0.000000, -0.000000, 0.077008, 0.000000, -0.000000},
      {0.149953, 0.000000, 0.000000, 0.146283, 0.000000, 0.000000, -0.000000, 0.514109, 0.000000, -0.000000, 0.077026, 0.000000},
      {-0.000000, -0.000000, -0.000000, 0.000000, -0.000000, -0.000000, 0.000000, 0.000000, 0.017047, 0.000000, 0.000000, 0.005459}
    },
    {
      {0.000000, 0.000000, 1.859572, 0.000000, 0.000000, 0.986082, -0.000000, 0.000000, -0.000000, -0.000000, 0.000000, 0.000000},
      {-0.000000, -0.150011, 0.000000, -0.000000, -0.149935, 0.000000, 0.499477, -0.000000, -0.000000, 0.076997, -0.000000, -0.000000},
      {0.149953, -0.000000, 0.000000, 0.146283, -0.000000, -0.000000, 0.000000, 0.514109, -0.000000, 0.000000, 0.077026, -0.000000},
      {-0.000000, -0.000000, 0.000000, -0.000000, -0.000000, 0.000000, 0.000000, -0.000000, 0.017047, -0.000000, -0.000000, 0.005459}
    },
    {
      {0.000000, -0.000000, 1.859572, 0.000000, 0.000000, 0.986082, 0.000000, 0.000000, 0.000000, 0.000000, 0.000000, 0.000000},
      {0.000000, -0.150038, 0.000000, 0.000000, -0.151758, 0.000000, 0.492701, 0.000000, 0.000000, 0.076983, 0.000000, 0.000000},
      {0.149953, -0.000000, -0.000000, 0.146283, -0.000000, -0.000000, 0.000000, 0.514109, 0.000000, 0.000000, 0.077026, 0.000000},
      {0.000000, 0.000000, -0.000000, 0.000000, 0.000000, -0.000000, -0.000000, 0.000000, 0.017047, 0.000000, 0.000000, 0.005459}
    }
  },
  {
    {
      {0.000000, 0.000000, 1.859572, 0.000000, 0.000000, 0.986082, -0.000000, 0.000000, 0.000000, -0.000000, 0.000000, 0.000000},
      {0.000000, -0.150038, -0.000000, 0.000000, -0.151758, -0.000000, 0.492701, 0.000000, 0.000000, 0.076983, 0.000000, 0.000000},
      {0.149960, 0.000000, -0.000000, 0.146717, 0.000000, -0.000000, 0.000000, 0.512290, 0.000000, 0.000000, 0.077022, 0.000000},
      {-0.000000, -0.000000, 0.000000, -0.000000, -0.000000, 0.000000, 0.000000, 0.000000, 0.017047, 0.000000, 0.000000, 0.005459}
    },
    {
      {0.000000, 0.000000, 1.859572, 0.000000, 0.000000, 0.986082, -0.000000, 0.000000, 0.000000, -0.000000, 0.000000, 0.000000},
      {-0.000000, -0.150011, 0.000000, -0.000000, -0.149935, 0.000000, 0.499477, -0.000000, -0.000000, 0.076997, -0.000000, -0.000000},
      {0.149960, 0.000000, 0.000000, 0.146717, 0.000000, 0.000000, 0.000000, 0.512290, -0.000000, 0.000000, 0.077022, -0.000000},
      {0.000000, -0.000000, -0.000000, 0.000000, 0.000000, -0.000000, -0.000000, 0.000000, 0.017047, 0.000000, 0.000000, 0.005459}
    },
    {
      {-0.000000, 0.000000, 1.859572, 0.000000, 0.000000, 0.986082, -0.000000, 0.000000, 0.000000, -0.000000, 0.000000, -0.000000},
      {-0.000000, -0.149989, -0.000000, -0.000000, -0.148516, -0.000000, 0.504987, -0.000000, -0.000000, 0.077008, -0.000000, -0.000000},
      {0.149960, 0.000000, 0.000000, 0.146717, 0.000000, -0.000000, -0.000000, 0.512290, 0.000000, -0.000000, 0.077022, 0.000000},
      {0.000000, 0.000000, 0.000000, -0.000000, -0.000000, 0.000000, 0.000000, -0.000000, 0.017047, 0.000000, -0.000000, 0.005459}
    },
    {
      {0.000000, 0.000000, 1.859572, 0.000000, 0.000000, 0.986082, -0.000000, 0.000000, -0.000000, -0.000000, 0.000000, -0.000000},
      {0.000000, -0.149972, -0.000000, 0.000000, -0.147454, -0.000000, 0.509253, 0.000000, 0.000000, 0.077016, 0.000000, -0.000000},
      {0.149960, -0.000000, 0.000000, 0.146717, -0.000000, 0.000000, 0.000000, 0.512290, 0.000000, 0.000000, 0.077022, 0.000000},
      {0.000000, -0.000000, -0.000000, 0.000000, -0.000000, -0.000000, 0.000000, 0.000000, 0.017047, 0.000000, 0.000000, 0.005459}
    },
    {
      {0.000000, -0.000000, 1.859572, 0.000000, -0.000000, 0.986082, 0.000000, 0.000000, 0.000000, 0.000000, 0.000000, -0.000000},
      {0.000000, -0.149960, 0.000000, -0.000000, -0.146717, 0.000000, 0.512290, -0.000000, -0.000000, 0.077022, -0.000000, -0.000000},
      {0.149960, 0.000000, -0.000000, 0.146717, 0.000000, -0.000000, -0.000000, 0.512290, 0.000000, -0.000000, 0.077022, 0.000000},
      {-0.000000, -0.000000, -0.000000, -0.000000, -0.000000, -0.000000, 0.000000, -0.000000, 0.017047, 0.000000, -0.000000, 0.005459}
    },
    {
      {0.000000, 0.000000, 1.859572, 0.000000, -0.000000, 0.986082, 0.000000, 0.000000, 0.000000, -0.000000, -0.000000, -0.000000},
      {-0.000000, -0.149953, 0.000000, -0.000000, -0.146283, 0.000000, 0.514109, -0.000000, 0.000000, 0.077026, -0.000000, 0.000000},
      {0.149960, -0.000000, -0.000000, 0.146717, -0.000000, 0.000000, 0.000000, 0.512290, -0.000000, 0.000000, 0.077022, -0.000000},
      {0.000000, 0.000000, -0.000000, 0.000000, 0.000000, -0.000000, -0.000000, -0.000000, 0.017047, -0.000000, -0.000000, 0.005459}
    },
    {
      {-0.000000, -0.000000, 1.859572, 0.000000, -0.000000, 0.986082, -0.000000, 0.000000, 0.000000, -0.000000, 0.000000, -0.000000},
      {0.000000, -0.149951, -0.000000, 0.000000, -0.146139, -0.000000, 0.514714, 0.000000, 0.000000, 0.077027, -0.000000, 0.000000},
      {0.149960, -0.000000, 0.000000, 0.146717, -0.000000, 0.000000, -0.000000, 0.512290, -0.000000, -0.000000, 0.077022, -0.000000},
      {-0.000000, 0.000000, -0.000000, -0.000000, 0.000000, 0.000000, 0.000000, -0.000000, 0.017047, -0.000000, -0.000000, 0.005459}
    },
    {
      {0.000000, 0.000000, 1.859572, 0.000000, -0.000000, 0.986082, 0.000000, 0.000000, 0.000000, -0.000000, -0.000000, -0.000000},
      {-0.000000, -0.149953, 0.000000, -0.000000, -0.146283, 0.000000, 0.514109, -0.000000, 0.000000, 0.077026, -0.000000, 0.000000},
      {0.149960, -0.000000, -0.000000, 0.146717, -0.000000, 0.000000, 0.000000, 0.512290, -0.000000, 0.000000, 0.077022, -0.000000},
      {0.000000, 0.000000, -0.000000, 0.000000, 0.000000, -0.000000, -0.000000, -0.000000, 0.017047, -0.000000, -0.000000, 0.005459}
    },
    {
      {0.000000, -0.000000, 1.859572, 0.000000, -0.000000, 0.986082, 0.000000, 0.000000, 0.000000, 0.000000, 0.000000, -0.000000},
      {0.000000, -0.149960, 0.000000, -0.000000, -0.146717, 0.000000, 0.512290, -0.000000, -0.000000, 0.077022, -0.000000, -0.000000},
      {0.149960, 0.000000, -0.000000, 0.146717, 0.000000, -0.000000, -0.000000, 0.512290, 0.000000, -0.000000, 0.077022, 0.000000},
      {-0.000000, -0.000000, -0.000000, -0.000000, -0.000000, -0.000000, 0.000000, -0.000000, 0.017047, 0.000000, -0.000000, 0.005459}
    },
    {
      {0.000000, 0.000000, 1.859572, 0.000000, 0.000000, 0.986082, -0.000000, 0.000000, -0.000000, -0.000000, 0.000000, -0.000000},
      {0.000000, -0.149972, -0.000000, 0.000000, -0.147454, -0.000000, 0.509253, 0.000000, 0.000000, 0.077016, 0.000000, -0.000000},
      {0.149960, -0.000000, 0.000000, 0.146717, -0.000000, 0.000000, 0.000000, 0.512290, 0.000000, 0.000000, 0.077022, 0.000000},
      {0.000000, -0.000000, -0.000000, 0.000000, -0.000000, -0.000000, 0.000000, 0.000000, 0.017047, 0.000000, 0.000000, 0.005459}
    },
    {
      {-0.000000, 0.000000, 1.859572, 0.000000, 0.000000, 0.986082, -0.000000, 0.000000, 0.000000, -0.000000, 0.000000, -0.000000},
      {-0.000000, -0.149989, -0.000000, -0.000000, -0.148516, -0.000000, 0.504987, -0.000000, -0.000000, 0.077008, -0.000000, -0.000000},
      {0.149960, 0.000000, 0.000000, 0.146717, 0.000000, -0.000000, -0.000000, 0.512290, 0.000000, -0.000000, 0.077022, 0.000000},
      {0.000000, 0.000000, 0.000000, -0.000000, -0.000000, 0.000000, 0.000000, -0.000000, 0.017047, 0.000000, -0.000000, 0.005459}
    },
    {
      {0.000000, 0.000000, 1.859572, 0.000000, 0.000000, 0.986082, -0.000000, 0.000000, 0.000000, -0.000000, 0.000000, 0.000000},
      {-0.000000, -0.150011, 0.000000, -0.000000, -0.149935, 0.000000, 0.499477, -0.000000, -0.000000, 0.076997, -0.000000, -0.000000},
      {0.149960, 0.000000, 0.000000, 0.146717, 0.000000, 0.000000, 0.000000, 0.512290, -0.000000, 0.000000, 0.077022, -0.000000},
      {0.000000, -0.000000, -0.000000, 0.000000, 0.000000, -0.000000, -0.000000, 0.000000, 0.017047, 0.000000, 0.000000, 0.005459}
    },
    {
      {0.000000, 0.000000, 1.859572, 0.000000, 0.000000, 0.986082, -0.000000, 0.000000, 0.000000, -0.000000, 0.000000, 0.000000},
      {0.000000, -0.150038, -0.000000, 0.000000, -0.151758, -0.000000, 0.492701, 0.000000, 0.000000, 0.076983, 0.000000, 0.000000},
      {0.149960, 0.000000, -0.000000, 0.146717, 0.000000, -0.000000, 0.000000, 0.512290, 0.000000, 0.000000, 0.077022, 0.000000},
      {-0.000000, -0.000000, 0.000000, -0.000000, -0.000000, 0.000000, 0.000000, 0.000000, 0.017047, 0.000000, 0.000000, 0.005459}
    }
  },
  {
    {
      {-0.000000, -0.000000, 1.859572, -0.000000, -0.000000, 0.986082, 0.000000, -0.000000, 0.000000, 0.000000, -0.000000, 0.000000},
      {-0.000000, -0.150038, 0.000000, -0.000000, -0.151758, 0.000000, 0.492701, -0.000000, -0.000000, 0.076983, -0.000000, -0.000000},
      {0.149972, -0.000000, 0.000000, 0.147454, -0.000000, 0.000000, -0.000000, 0.509253, 0.000000, -0.000000, 0.077016, 0.000000},
      {-0.000000, -0.000000, -0.000000, -0.000000, -0.000000, -0.000000, 0.000000, -0.000000, 0.017047, 0.000000, -0.000000, 0.005459}
    },
    {
      {0.000000, -0.000000, 1.859572, 0.000000, -0.000000, 0.986082, 0.000000, 0.000000, -0.000000, 0.000000, 0.000000, -0.000000},
      {-0.000000, -0.150011, -0.000000, -0.000000, -0.149935, -0.000000, 0.499477, -0.000000, -0.000000, 0.076997, -0.000000, 0.000000},
      {0.149972, 0.000000, -0.000000, 0.147454, 0.000000, -0.000000, -0.000000, 0.509253, 0.000000, -0.000000, 0.077016, 0.000000},
      {-0.000000, -0.000000, -0.000000, -0.000000, -0.000000, -0.000000, 0.000000, -0.000000, 0.017047, 0.000000, 0.000000, 0.005459}
    },
    {
      {0.000000, 0.000000, 1.859572, 0.000000, 0.000000, 0.986082, -0.000000, 0.000000, 0.000000, -0.000000, 0.000000, 0.000000},
      {-0.000000, -0.149989, -0.000000, -0.000000, -0.148516, -0.000000, 0.504987, -0.000000, -0.000000, 0.077008, -0.000000, -0.000000},
      {0.149972, -0.000000, 0.000000, 0.147454, 0.000000, 0.000000, 0.000000, 0.509253, -0.000000, -0.000000, 0.077016, -0.000000},
      {0.000000, -0.000000, -0.000000, 0.000000, -0.000000, -0.000000, 0.000000, 0.000000, 0.017047, -0.000000, 0.000000, 0.005459}
    },
    {
      {0.000000, -0.000000, 1.859572, 0.000000, -0.000000, 0.986082, 0.000000, 0.000000, 0.000000, -0.000000, 0.000000, -0.000000},
      {0.000000, -0.149972, 0.000000, 0.000000, -0.147454, 0.000000, 0.509253, 0.000000, 0.000000, 0.077016, 0.000000, 0.000000},
      {0.149972, 0.000000, -0.000000, 0.147454, 0.000000, -0.000000, -0.000000, 0.509253, 0.000000, -0.000000, 0.077016, 0.000000},
      {-0.000000, 0.000000, 0.000000, -0.000000, 0.000000, 0.000000, -0.000000, -0.000000, 0.017047, 0.000000, -0.000000, 0.005459}
    },
    {
      {0.000000, 0.000000, 1.859572, 0.000000, 0.000000, 0.986082, -0.000000, 0.000000, 0.000000, -0.000000, 0.000000, 0.000000},
      {-0.000000, -0.149960, -0.000000, -0.000000, -0.146717, 0.000000, 0.512290, -0.000000, 0.000000, 0.077022, -0.000000, 0.000000},
      {0.149972, 0.000000, 0.000000, 0.147454, 0.000000, 0.000000, -0.000000, 0.509253, -0.000000, -0.000000, 0.077016, 0.000000},
      {-0.000000, -0.000000, -0.000000, -0.000000, -0.000000, -0.000000, 0.000000, 0.000000, 0.017047, 0.000000, 0.000000, 0.005459}
    },
    {
      {0.000000, -0.000000, 1.859572, 0.000000, -0.000000, 0.986082, -0.000000, 0.000000, -0.000000, -0.000000, 0.000000, -0.000000},
      {-0.000000, -0.149953, -0.000000, -0.000000, -0.146283, 0.000000, 0.514109, -0.000000, 0.000000, 0.077026, -0.000000, -0.000000},
      {0.149972, 0.000000, 0.000000, 0.147454, 0.000000, 0.000000, -0.000000, 0.509253, -0.000000, -0.000000, 0.077016, -0.000000},
      {-0.000000, -0.000000, -0.000000, -0.000000, -0.000000, -0.000000, 0.000000, -0.000000, 0.017047, 0.000000, -0.000000, 0.005459}
    },
    {
      {0.000000, -0.000000, 1.859572, 0.000000, -0.000000, 0.986082, 0.000000, 0.000000, 0.000000, 0.000000, 0.000000, -0.000000},
      {0.000000, -0.149951, -0.000000, 0.000000, -0.146139, -0.000000, 0.514714, 0.000000, -0.000000, 0.077027, 0.000000, -0.000000},
      {0.149972, -0.000000, -0.000000, 0.147454, -0.000000, -0.000000, -0.000000, 0.509253, 0.000000, -0.000000, 0.077016, 0.000000},
      {0.000000, -0.000000, 0.000000, -0.000000, -0.000000, 0.000000, 0.000000, -0.000000, 0.017047, 0.000000, -0.000000, 0.005459}
    },
    {
      {0.000000, -0.000000, 1.859572, 0.000000, -0.000000, 0.986082, -0.000000, 0.000000, -0.000000, -0.000000, 0.000000, -0.000000},
      {-0.000000, -0.149953, -0.000000, -0.000000, -0.146283, 0.000000, 0.514109, -0.000000, 0.000000, 0.077026, -0.000000, -0.000000},
      {0.149972, 0.000000, 0.000000, 0.147454, 0.000000, 0.000000, -0.000000, 0.509253, -0.000000, -0.000000, 0.077016, -0.000000},
      {-0.000000, -0.000000, -0.000000, -0.000000, -0.000000, -0.000000, 0.000000, -0.000000, 0.017047, 0.000000, -0.000000, 0.005459}
    },
    {
      {0.000000, 0.000000, 1.859572, 0.000000, 0.000000, 0.986082, -0.000000, 0.000000, 0.000000, -0.000000, 0.000000, 0.000000},
      {-0.000000, -0.149960, -0.000000, -0.000000, -0.146717, 0.000000, 0.512290, -0.000000, 0.000000, 0.077022, -0.000000, 0.000000},
      {0.149972, 0.000000, 0.000000, 0.147454, 0.000000, 0.000000, -0.000000, 0.509253, -0.000000, -0.000000, 0.077016, 0.000000},
      {-0.000000, -0.000000, -0.000000, -0.000000, -0.000000, -0.000000, 0.000000, 0.000000, 0.017047, 0.000000, 0.000000, 0.005459}
    },
    {
      {0.000000, -0.000000, 1.859572, 0.000000, -0.000000, 0.986082, 0.000000, 0.000000, 0.000000, -0.000000, 0.000000, -0.000000},
      {0.000000, -0.149972, 0.000000, 0.000000, -0.147454, 0.000000, 0.509253, 0.000000, 0.000000, 0.077016, 0.000000, 0.000000},
      {0.149972, 0.000000, -0.000000, 0.147454, 0.000000, -0.000000, -0.000000, 0.509253, 0.000000, -0.000000, 0.077016, 0.000000},
      {-0.000000, 0.000000, 0.000000, -0.000000, 0.000000, 0.000000, -0.000000, -0.000000, 0.017047, 0.000000, -0.000000, 0.005459}
    },
    {
      {0.000000, 0.000000, 1.859572, 0.000000, 0.000000, 0.986082, -0.000000, 0.000000, 0.000000, -0.000000, 0.000000, 0.000000},
      {-0.000000, -0.149989, -0.000000, -0.000000, -0.148516, -0.000000, 0.504987, -0.000000, -0.000000, 0.077008, -0.000000, -0.000000},
      {0.149972, -0.000000, 0.000000, 0.147454, 0.000000, 0.000000, 0.000000, 0.509253, -0.000000, -0.000000, 0.077016, -0.000000},
      {0.000000, -0.000000, -0.000000, 0.000000, -0.000000, -0.000000, 0.000000, 0.000000, 0.017047, -0.000000, 0.000000, 0.005459}
    },
    {
      {0.000000, -0.000000, 1.859572, 0.000000, -0.000000, 0.986082, 0.000000, 0.000000, -0.000000, 0.000000, 0.000000, -0.000000},
      {-0.000000, -0.150011, -0.000000, -0.000000, -0.149935, -0.000000, 0.499477, -0.000000, -0.000000, 0.076997, -0.000000, 0.000000},
      {0.149972, 0.000000, -0.000000, 0.147454, 0.000000, -0.000000, -0.000000, 0.509253, 0.000000, -0.000000, 0.077016, 0.000000},
      {-0.000000, -0.000000, -0.000000, -0.000000, -0.000000, -0.000000, 0.000000, -0.000000, 0.017047, 0.000000, 0.000000, 0.005459}
    },
    {
      {-0.000000, -0.000000, 1.859572, -0.000000, -0.000000, 0.986082, 0.000000, -0.000000, 0.000000, 0.000000, -0.000000, 0.000000},
      {-0.000000, -0.150038, 0.000000, -0.000000, -0.151758, 0.000000, 0.492701, -0.000000, -0.000000, 0.076983, -0.000000, -0.000000},
      {0.149972, -0.000000, 0.000000, 0.147454, -0.000000, 0.000000, -0.000000, 0.509253, 0.000000, -0.000000, 0.077016, 0.000000},
      {-0.000000, -0.000000, -0.000000, -0.000000, -0.000000, -0.000000, 0.000000, -0.000000, 0.017047, 0.000000, -0.000000, 0.005459}
    }
  },
  {
    {
      {-0.000000, 0.000000, 1.859572, -0.000000, 0.000000, 0.986082, -0.000000, -0.000000, -0.000000, -0.000000, -0.000000, -0.000000},
      {0.000000, -0.150038, -0.000000, 0.000000, -0.151758, -0.000000, 0.492701, 0.000000, -0.000000, 0.076983, 0.000000, -0.000000},
      {0.149989, 0.000000, 0.000000, 0.148516, -0.000000, -0.000000, 0.000000, 0.504987, 0.000000, 0.000000, 0.077008, -0.000000},
      {-0.000000, 0.000000, 0.000000, -0.000000, 0.000000, 0.000000, -0.000000, -0.000000, 0.017047, -0.000000, -0.000000, 0.005459}
    },
    {
      {0.000000, -0.000000, 1.859572, 0.000000, 0.000000, 0.986082, -0.000000, 0.000000, 0.000000, 0.000000, 0.000000, 0.000000},
      {0.000000, -0.150011, 0.000000, 0.000000, -0.149935, 0.000000, 0.499477, 0.000000, -0.000000, 0.076997, 0.000000, -0.000000},
      {0.149989, 0.000000, -0.000000, 0.148516, 0.000000, -0.000000, -0.000000, 0.504987, -0.000000, -0.000000, 0.077008, -0.000000},
      {-0.000000, 0.000000, -0.000000, -0.000000, 0.000000, 0.000000, -0.000000, -0.000000, 0.017047, -0.000000, -0.000000, 0.005459}
    },
    {
      {0.000000, -0.000000, 1.859572, 0.000000, -0.000000, 0.986082, 0.000000, 0.000000, 0.000000, -0.000000, 0.000000, -0.000000},
      {0.000000, -0.149989, 0.000000, 0.000000, -0.148516, 0.000000, 0.504987, 0.000000, -0.000000, 0.077008, 0.000000, -0.000000},
      {0.149989, -0.000000, 0.000000, 0.148516, -0.000000, 0.000000, -0.000000, 0.504987, 0.000000, -0.000000, 0.077008, 0.000000},
      {-0.000000, 0.000000, -0.000000, -0.000000, 0.000000, -0.000000, -0.000000, -0.000000, 0.017047, -0.000000, -0.000000, 0.005459}
    },
    {
      {0.000000, 0.000000, 1.859572, 0.000000, 0.000000, 0.986082, 0.000000, 0.000000, 0.000000, -0.000000, 0.000000, -0.000000},
      {0.000000, -0.149972, 0.000000, 0.000000, -0.147454, 0.000000, 0.509253, 0.000000, 0.000000, 0.077016, 0.000000, 0.000000},
      {0.149989, -0.000000, 0.000000, 0.148516, -0.000000, 0.000000, 0.000000, 0.504987, -0.000000, 0.000000, 0.077008, -0.000000},
      {-0.000000, -0.000000, 0.000000, -0.000000, -0.000000, 0.000000, 0.000000, -0.000000, 0.017047, 0.000000, 0.000000, 0.005459}
    },
    {
      {0.000000, 0.000000, 1.859572, 0.000000, 0.000000, 0.986082, -0.000000, 0.000000, 0.000000, -0.000000, 0.000000, 0.000000},
      {-0.000000, -0.149960, -0.000000, -0.000000, -0.146717, -0.000000, 0.512290, -0.000000, 0.000000, 0.077022, -0.000000, 0.000000},
      {0.149989, 0.000000, 0.000000, 0.148516, 0.000000, 0.000000, -0.000000, 0.504987, 0.000000, -0.000000, 0.077008, 0.000000},
      {0.000000, 0.000000, -0.000000, 0.000000, 0.000000, -0.000000, 0.000000, 0.000000, 0.017047, 0.000000, 0.000000, 0.005459}
    },
    {
      {-0.000000, 0.000000, 1.859572, -0.000000, 0.000000, 0.986082, -0.000000, -0.000000, -0.000000, 0.000000, 0.000000, -0.000000},
      {-0.000000, -0.149953, -0.000000, -0.000000, -0.146283, -0.000000, 0.514109, -0.000000, 0.000000, 0.077026, -0.000000, 0.000000},
      {0.149989, 0.000000, 0.000000, 0.148516, 0.000000, 0.000000, -0.000000, 0.504987, 0.000000, -0.000000, 0.077008, 0.000000},
      {0.000000, -0.000000, -0.000000, 0.000000, -0.000000, -0.000000, 0.000000, 0.000000, 0.017047, 0.000000, 0.000000, 0.005459}
    },
    {
      {0.000000, 0.000000, 1.859572, 0.000000, 0.000000, 0.986082, -0.000000, 0.000000, 0.000000, -0.000000, 0.000000, 0.000000},
      {0.000000, -0.149951, -0.000000, 0.000000, -0.146139, -0.000000, 0.514714, 0.000000, -0.000000, 0.077027, 0.000000, -0.000000},
      {0.149989, -0.000000, -0.000000, 0.148516, -0.000000, 0.000000, 0.000000, 0.504987, 0.000000, 0.000000, 0.077008, 0.000000},
      {-0.000000, 0.000000, -0.000000, 0.000000, 0.000000, 0.000000, -0.000000, 0.000000, 0.017047, -0.000000, 0.000000, 0.005459}
    },
    {
      {-0.000000, 0.000000, 1.859572, -0.000000, 0.000000, 0.986082, -0.000000, -0.000000, -0.000000, 0.000000, 0.000000, -0.000000},
      {-0.000000, -0.149953, -0.000000, -0.000000, -0.146283, -0.000000, 0.514109, -0.000000, 0.000000, 0.077026, -0.000000, 0.000000},
      {0.149989, 0.000000, 0.000000, 0.148516, 0.000000, 0.000000, -0.000000, 0.504987, 0.000000, -0.000000, 0.077008, 0.000000},
      {0.000000, -0.000000, -0.000000, 0.000000, -0.000000, -0.000000, 0.000000, 0.000000, 0.017047, 0.000000, 0.000000, 0.005459}
    },
    {
      {0.000000, 0.000000, 1.859572, 0.000000, 0.000000, 0.986082, -0.000000, 0.000000, 0.000000, -0.000000, 0.000000, 0.000000},
      {-0.000000, -0.149960, -0.000000, -0.000000, -0.146717, -0.000000, 0.512290, -0.000000, 0.000000, 0.077022, -0.000000, 0.000000},
      {0.149989, 0.000000, 0.000000, 0.148516, 0.000000, 0.000000, -0.000000, 0.504987, 0.000000, -0.000000, 0.077008, 0.000000},
      {0.000000, 0.000000, -0.000000, 0.000000, 0.000000, -0.000000, 0.000000, 0.000000, 0.017047, 0.000000, 0.000000, 0.005459}
    },
    {
      {0.000000, 0.000000, 1.859572, 0.000000, 0.000000, 0.986082, 0.000000, 0.000000, 0.000000, -0.000000, 0.000000, -0.000000},
      {0.000000, -0.149972, 0.000000, 0.000000, -0.147454, 0.000000, 0.509253, 0.000000, 0.000000, 0.077016, 0.000000, 0.000000},
      {0.149989, -0.000000, 0.000000, 0.148516, -0.000000, 0.000000, 0.000000, 0.504987, -0.000000, 0.000000, 0.077008, -0.000000},
      {-0.000000, -0.000000, 0.000000, -0.000000, -0.000000, 0.000000, 0.000000, -0.000000, 0.017047, 0.000000, 0.000000, 0.005459}
    },
    {
      {0.000000, -0.000000, 1.859572, 0.000000, -0.000000, 0.986082, 0.000000, 0.000000, 0.000000, -0.000000, 0.000000, -0.000000},
      {0.000000, -0.149989, 0.000000, 0.000000, -0.148516, 0.000000, 0.504987, 0.000000, -0.000000, 0.077008, 0.000000, -0.000000},
      {0.149989, -0.000000, 0.000000, 0.148516, -0.000000, 0.000000, -0.000000, 0.504987, 0.000000, -0.000000, 0.077008, 0.000000},
      {-0.000000, 0.000000, -0.000000, -0.000000, 0.000000, -0.000000, -0.000000, -0.000000, 0.017047, -0.000000, -0.000000, 0.005459}
    },
    {
      {0.000000, -0.000000, 1.859572, 0.000000, 0.000000, 0.986082, -0.000000, 0.000000, 0.000000, 0.000000, 0.000000, 0.000000},
      {0.000000, -0.150011, 0.000000, 0.000000, -0.149935, 0.000000, 0.499477, 0.000000, -0.000000, 0.076997, 0.000000, -0.000000},
      {0.149989, 0.000000, -0.000000, 0.148516, 0.000000, -0.000000, -0.000000, 0.504987, -0.000000, -0.000000, 0.077008, -0.000000},
      {-0.000000, 0.000000, -0.000000, -0.000000, 0.000000, 0.000000, -0.000000, -0.000000, 0.017047, -0.000000, -0.000000, 0.005459}
    },
    {
      {-0.000000, 0.000000, 1.859572, -0.000000, 0.000000, 0.986082, -0.000000, -0.000000, -0.000000, -0.000000, -0.000000, -0.000000},
      {0.000000, -0.150038, -0.000000, 0.000000, -0.151758, -0.000000, 0.492701, 0.000000, -0.000000, 0.076983, 0.000000, -0.000000},
      {0.149989, 0.000000, 0.000000, 0.148516, -0.000000, -0.000000, 0.000000, 0.504987, 0.000000, 0.000000, 0.077008, -0.000000},
      {-0.000000, 0.000000, 0.000000, -0.000000, 0.000000, 0.000000, -0.000000, -0.000000, 0.017047, -0.000000, -0.000000, 0.005459}
    }
  },
  {
    {
      {-0.000000, 0.000000, 1.859572, -0.000000, 0.000000, 0.986082, -0.000000, -0.000000, -0.000000, -0.000000, -0.000000, -0.000000},
      {0.000000, -0.150038, -0.000000, 0.000000, -0.151758, -0.000000, 0.492701, 0.000000, -0.000000, 0.076983, -0.000000, 0.000000},
      {0.150011, -0.000000, 0.000000, 0.149935, -0.000000, 0.000000, -0.000000, 0.499477, -0.000000, -0.000000, 0.076997, -0.000000},
      {0.000000, -0.000000, 0.000000, 0.000000, 0.000000, 0.000000, -0.000000, 0.000000, 0.017047, -0.000000, 0.000000, 0.005459}
    },
    {
      {0.000000, 0.000000, 1.859572, 0.000000, 0.000000, 0.986082, -0.000000, 0.000000, -0.000000, -0.000000, 0.000000, -0.000000},
      {0.000000, -0.150011, 0.000000, 0.000000, -0.149935, 0.000000, 0.499477, 0.000000, -0.000000, 0.076997, 0.000000, -0.000000},
      {0.150011, -0.000000, -0.000000, 0.149935, -0.000000, -0.000000, 0.000000, 0.499477, 0.000000, 0.000000, 0.076997, 0.000000},
      {-0.000000, -0.000000, 0.000000, -0.000000, -0.000000, 0.000000, 0.000000, -0.000000, 0.017047, 0.000000, -0.000000, 0.005459}
    },
    {
      {0.000000, 0.000000, 1.859572, 0.000000, 0.000000, 0.986082, -0.000000, 0.000000, 0.000000, -0.000000, 0.000000, -0.000000},
      {-0.000000, -0.149989, 0.000000, -0.000000, -0.148516, 0.000000, 0.504987, -0.000000, -0.000000, 0.077008, -0.000000, -0.000000},
      {0.150011, -0.000000, 0.000000, 0.149935, -0.000000, 0.000000, 0.000000, 0.499477, -0.000000, 0.000000, 0.076997, -0.000000},
      {-0.000000, 0.000000, -0.000000, -0.000000, 0.000000, -0.000000, -0.000000, -0.000000, 0.017047, -0.000000, 0.000000, 0.005459}
    },
    {
      {0.000000, 0.000000, 1.859572, 0.000000, 0.000000, 0.986082, -0.000000, 0.000000, 0.000000, -0.000000, 0.000000, 0.000000},
      {0.000000, -0.149972, 0.000000, 0.000000, -0.147454, 0.000000, 0.509253, 0.000000, 0.000000, 0.077016, 0.000000, 0.000000},
      {0.150011, -0.000000, -0.000000, 0.149935, -0.000000, -0.000000, 0.000000, 0.499477, -0.000000, 0.000000, 0.076997, -0.000000},
      {-0.000000, -0.000000, -0.000000, -0.000000, -0.000000, -0.000000, 0.000000, -0.000000, 0.017047, -0.000000, -0.000000, 0.005459}
    },
    {
      {0.000000, -0.000000, 1.859572, 0.000000, -0.000000, 0.986082, 0.000000, 0.000000, 0.000000, -0.000000, 0.000000, 0.000000},
      {0.000000, -0.149960, 0.000000, 0.000000, -0.146717, 0.000000, 0.512290, 0.000000, -0.000000, 0.077022, 0.000000, -0.000000},
      {0.150011, -0.000000, 0.000000, 0.149935, -0.000000, 0.000000, 0.000000, 0.499477, -0.000000, 0.000000, 0.076997, -0.000000},
      {-0.000000, 0.000000, 0.000000, -0.000000, 0.000000, 0.000000, -0.000000, -0.000000, 0.017047, -0.000000, -0.000000, 0.005459}
    },
    {
      {-0.000000, 0.000000, 1.859572, -0.000000, 0.000000, 0.986082, -0.000000, -0.000000, 0.000000, -0.000000, 0.000000, 0.000000},
      {0.000000, -0.149953, 0.000000, 0.000000, -0.146283, 0.000000, 0.514109, 0.000000, -0.000000, 0.077026, 0.000000, -0.000000},
      {0.150011, -0.000000, 0.000000, 0.149935, -0.000000, 0.000000, 0.000000, 0.499477, 0.000000, 0.000000, 0.076997, 0.000000},
      {0.000000, 0.000000, -0.000000, 0.000000, 0.000000, -0.000000, -0.000000, 0.000000, 0.017047, -0.000000, 0.000000, 0.005459}
    },
    {
      {0.000000, -0.000000, 1.859572, 0.000000, -0.000000, 0.986082, 0.000000, 0.000000, -0.000000, 0.000000, 0.000000, 0.000000},
      {-0.000000, -0.149951, 0.000000, -0.000000, -0.146139, 0.000000, 0.514714, -0.000000, -0.000000, 0.077027, -0.000000, -0.000000},
      {0.150011, 0.000000, 0.000000, 0.149935, 0.000000, 0.000000, -0.000000, 0.499477, -0.000000, -0.000000, 0.076997, -0.000000},
      {-0.000000, 0.000000, -0.000000, -0.000000, 0.000000, -0.000000, -0.000000, -0.000000, 0.017047, -0.000000, -0.000000, 0.005459}
    },
    {
      {-0.000000, 0.000000, 1.859572, -0.000000, 0.000000, 0.986082, -0.000000, -0.000000, 0.000000, -0.000000, 0.000000, 0.000000},
      {0.000000, -0.149953, 0.000000, 0.000000, -0.146283, 0.000000, 0.514109, 0.000000, -0.000000, 0.077026, 0.000000, -0.000000},
      {0.150011, -0.000000, 0.000000, 0.149935, -0.000000, 0.000000, 0.000000, 0.499477, 0.000000, 0.000000, 0.076997, 0.000000},
      {0.000000, 0.000000, -0.000000, 0.000000, 0.000000, -0.000000, -0.000000, 0.000000, 0.017047, -0.000000, 0.000000, 0.005459}
    },
    {
      {0.000000, -0.000000, 1.859572, 0.000000, -0.000000, 0.986082, 0.000000, 0.000000, 0.000000, -0.000000, 0.000000, 0.000000},
      {0.000000, -0.149960, 0.000000, 0.000000, -0.146717, 0.000000, 0.512290, 0.000000, -0.000000, 0.077022, 0.000000, -0.000000},
      {0.150011, -0.000000, 0.000000, 0.149935, -0.000000, 0.000000, 0.000000, 0.499477, -0.000000, 0.000000, 0.076997, -0.000000},
      {-0.000000, 0.000000, 0.000000, -0.000000, 0.000000, 0.000000, -0.000000, -0.000000, 0.017047, -0.000000, -0.000000, 0.005459}
    },
    {
      {0.000000, 0.000000, 1.859572, 0.000000, 0.000000, 0.986082, -0.000000, 0.000000, 0.000000, -0.000000, 0.000000, 0.000000},
      {0.000000, -0.149972, 0.000000, 0.000000, -0.147454, 0.000000, 0.509253, 0.000000, 0.000000, 0.077016, 0.000000, 0.000000},
      {0.150011, -0.000000, -0.000000, 0.149935, -0.000000, -0.000000, 0.000000, 0.499477, -0.000000, 0.000000, 0.076997, -0.000000},
      {-0.000000, -0.000000, -0.000000, -0.000000, -0.000000, -0.000000, 0.000000, -0.000000, 0.017047, -0.000000, -0.000000, 0.005459}
    },
    {
      {0.000000, 0.000000, 1.859572, 0.000000, 0.000000, 0.986082, -0.000000, 0.000000, 0.000000, -0.000000, 0.000000, -0.000000},
      {-0.000000, -0.149989, 0.000000, -0.000000, -0.148516, 0.000000, 0.504987, -0.000000, -0.000000, 0.077008, -0.000000, -0.000000},
      {0.150011, -0.000000, 0.000000, 0.149935, -0.000000, 0.000000, 0.000000, 0.499477, -0.000000, 0.000000, 0.076997, -0.000000},
      {-0.000000, 0.000000, -0.000000, -0.000000, 0.000000, -0.000000, -0.000000, -0.000000, 0.017047, -0.000000, 0.000000, 0.005459}
    },
    {
      {0.000000, 0.000000, 1.859572, 0.000000, 0.000000, 0.986082, -0.000000, 0.000000, -0.000000, -0.000000, 0.000000, -0.000000},
      {0.000000, -0.150011, 0.000000, 0.000000, -0.149935, 0.000000, 0.499477, 0.000000, -0.000000, 0.076997, 0.000000, -0.000000},
      {0.150011, -0.000000, -0.000000, 0.149935, -0.000000, -0.000000, 0.000000, 0.499477, 0.000000, 0.000000, 0.076997, 0.000000},
      {-0.000000, -0.000000, 0.000000, -0.000000, -0.000000, 0.000000, 0.000000, -0.000000, 0.017047, 0.000000, -0.000000, 0.005459}
    },
    {
      {-0.000000, 0.000000, 1.859572, -0.000000, 0.000000, 0.986082, -0.000000, -0.000000, -0.000000, -0.000000, -0.000000, -0.000000},
      {0.000000, -0.150038, -0.000000, 0.000000, -0.151758, -0.000000, 0.492701, 0.000000, -0.000000, 0.076983, -0.000000, 0.000000},
      {0.150011, -0.000000, 0.000000, 0.149935, -0.000000, 0.000000, -0.000000, 0.499477, -0.000000, -0.000000, 0.076997, -0.000000},
      {0.000000, -0.000000, 0.000000, 0.000000, 0.000000, 0.000000, -0.000000, 0.000000, 0.017047, -0.000000, 0.000000, 0.005459}
    }
  },
  {
    {
      {-0.000000, 0.000000, 1.859572, -0.000000, 0.000000, 0.986082, 0.000000, -0.000000, -0.000000, 0.000000, -0.000000, 0.000000},
      {-0.000000, -0.150038, 0.000000, -0.000000, -0.151758, 0.000000, 0.492701, -0.000000, -0.000000, 0.076983, -0.000000, -0.000000},
      {0.150038, 0.000000, -0.000000, 0.151758, 0.000000, -0.000000, -0.000000, 0.492701, -0.000000, -0.000000, 0.076983, -0.000000},
      {-0.000000, 0.000000, -0.000000, -0.000000, 0.000000, -0.000000, -0.000000, -0.000000, 0.017047, -0.000000, -0.000000, 0.005459}
    },
    {
      {-0.000000, -0.000000, 1.859572, -0.000000, -0.000000, 0.986082, 0.000000, -0.000000, 0.000000, 0.000000, 0.000000, 0.000000},
      {0.000000, -0.150011, 0.000000, 0.000000, -0.149935, 0.000000, 0.499477, 0.000000, -0.000000, 0.076997, 0.000000, -0.000000},
      {0.150038, 0.000000, 0.000000, 0.151758, 0.000000, -0.000000, 0.000000, 0.492701, 0.000000, 0.000000, 0.076983, -0.000000},
      {-0.000000, -0.000000, -0.000000, -0.000000, -0.000000, -0.000000, 0.000000, -0.000000, 0.017047, 0.000000, -0.000000, 0.005459}
    },
    {
      {0.000000, 0.000000, 1.859572, 0.000000, 0.000000, 0.986082, -0.000000, 0.000000, 0.000000, -0.000000, 0.000000, -0.000000},
      {-0.000000, -0.149989, 0.000000, -0.000000, -0.148516, 0.000000, 0.504987, -0.000000, -0.000000, 0.077008, -0.000000, -0.000000},
      {0.150038, 0.000000, 0.000000, 0.151758, 0.000000, -0.000000, -0.000000, 0.492701, 0.000000, -0.000000, 0.076983, 0.000000},
      {-0.000000, -0.000000, 0.000000, -0.000000, -0.000000, 0.000000, 0.000000, -0.000000, 0.017047, 0.000000, -0.000000, 0.005459}
    },
    {
      {0.000000, -0.000000, 1.859572, 0.000000, -0.000000, 0.986082, 0.000000, 0.000000, 0.000000, -0.000000, 0.000000, -0.000000},
      {-0.000000, -0.149972, 0.000000, 0.000000, -0.147454, 0.000000, 0.509253, 0.000000, -0.000000, 0.077016, -0.000000, -0.000000},
      {0.150038, -0.000000, 0.000000, 0.151758, -0.000000, 0.000000, -0.000000, 0.492701, -0.000000, 0.000000, 0.076983, -0.000000},
      {-0.000000, 0.000000, 0.000000, -0.000000, 0.000000, 0.000000, -0.000000, -0.000000, 0.017047, 0.000000, -0.000000, 0.005459}
    },
    {
      {0.000000, -0.000000, 1.859572, 0.000000, -0.000000, 0.986082, 0.000000, 0.000000, -0.000000, 0.000000, 0.000000, -0.000000},
      {0.000000, -0.149960, 0.000000, 0.000000, -0.146717, 0.000000, 0.512290, 0.000000, -0.000000, 0.077022, 0.000000, 0.000000},
      {0.150038, -0.000000, 0.000000, 0.151758, -0.000000, 0.000000, 0.000000, 0.492701, -0.000000, 0.000000, 0.076983, 0.000000},
      {0.000000, 0.000000, -0.000000, 0.000000, 0.000000, -0.000000, -0.000000, -0.000000, 0.017047, -0.000000, -0.000000, 0.005459}
    },
    {
      {-0.000000, -0.000000, 1.859572, -0.000000, -0.000000, 0.986082, 0.000000, -0.000000, -0.000000, 0.000000, 0.000000, -0.000000},
      {-0.000000, -0.149953, 0.000000, -0.000000, -0.146283, 0.000000, 0.514109, -0.000000, 0.000000, 0.077026, -0.000000, 0.000000},
      {0.150038, 0.000000, 0.000000, 0.151758, 0.000000, 0.000000, -0.000000, 0.492701, 0.000000, -0.000000, 0.076983, 0.000000},
      {0.000000, 0.000000, -0.000000, 0.000000, 0.000000, -0.000000, -0.000000, 0.000000, 0.017047, -0.000000, 0.000000, 0.005459}
    },
    {
      {0.000000, 0.000000, 1.859572, 0.000000, -0.000000, 0.986082, 0.000000, 0.000000, 0.000000, -0.000000, 0.000000, 0.000000},
      {-0.000000, -0.149951, -0.000000, -0.000000, -0.146139, -0.000000, 0.514714, -0.000000, 0.000000, 0.077027, -0.000000, 0.000000},
      {0.150038, -0.000000, -0.000000, 0.151758, -0.000000, -0.000000, -0.000000, 0.492701, -0.000000, -0.000000, 0.076983, -0.000000},
      {0.000000, 0.000000, -0.000000, 0.000000, 0.000000, -0.000000, -0.000000, -0.000000, 0.017047, -0.000000, -0.000000, 0.005459}
    },
    {
      {-0.000000, -0.000000, 1.859572, -0.000000, -0.000000, 0.986082, 0.000000, -0.000000, -0.000000, 0.000000, 0.000000, -0.000000},
      {-0.000000, -0.149953, 0.000000, -0.000000, -0.146283, 0.000000, 0.514109, -0.000000, 0.000000, 0.077026, -0.000000, 0.000000},
      {0.150038, 0.000000, 0.000000, 0.151758, 0.000000, 0.000000, -0.000000, 0.492701, 0.000000, -0.000000, 0.076983, 0.000000},
      {0.000000, 0.000000, -0.000000, 0.000000, 0.000000, -0.000000, -0.000000, 0.000000, 0.017047, -0.000000, 0.000000, 0.005459}
    },
    {
      {0.000000, -0.000000, 1.859572, 0.000000, -0.000000, 0.986082, 0.000000, 0.000000, -0.000000, 0.000000, 0.000000, -0.000000},
      {0.000000, -0.149960, 0.000000, 0.000000, -0.146717, 0.000000, 0.512290, 0.000000, -0.000000, 0.077022, 0.000000, 0.000000},
      {0.150038, -0.000000, 0.000000, 0.151758, -0.000000, 0.000000, 0.000000, 0.492701, -0.000000, 0.000000, 0.076983, 0.000000},
      {0.000000, 0.000000, -0.000000, 0.000000, 0.000000, -0.000000, -0.000000, -0.000000, 0.017047, -0.000000, -0.000000, 0.005459}
    },
    {
      {0.000000, -0.000000, 1.859572, 0.000000, -0.000000, 0.986082, 0.000000, 0.000000, 0.000000, -0.000000, 0.000000, -0.000000},
      {-0.000000, -0.149972, 0.000000, 0.000000, -0.147454, 0.000000, 0.509253, 0.000000, -0.000000, 0.077016, -0.000000, -0.000000},
      {0.150038, -0.000000, 0.000000, 0.151758, -0.000000, 0.000000, -0.000000, 0.492701, -0.000000, 0.000000, 0.076983, -0.000000},
      {-0.000000, 0.000000, 0.000000, -0.000000, 0.000000, 0.000000, -0.000000, -0.000000, 0.017047, 0.000000, -0.000000, 0.005459}
    },
    {
      {0.000000, 0.000000, 1.859572, 0.000000, 0.000000, 0.986082, -0.000000, 0.000000, 0.000000, -0.000000, 0.000000, -0.000000},
      {-0.000000, -0.149989, 0.000000, -0.000000, -0.148516, 0.000000, 0.504987, -0.000000, -0.000000, 0.077008, -0.000000, -0.000000},
      {0.150038, 0.000000, 0.000000, 0.151758, 0.000000, -0.000000, -0.000000, 0.492701, 0.000000, -0.000000, 0.076983, 0.000000},
      {-0.000000, -0.000000, 0.000000, -0.000000, -0.000000, 0.000000, 0.000000, -0.000000, 0.017047, 0.000000, -0.000000, 0.005459}
    },
    {
      {-0.000000, -0.000000, 1.859572, -0.000000, -0.000000, 0.986082, 0.000000, -0.000000, 0.000000, 0.000000, 0.000000, 0.000000},
      {0.000000, -0.150011, 0.000000, 0.000000, -0.149935, 0.000000, 0.499477, 0.000000, -0.000000, 0.076997, 0.000000, -0.000000},
      {0.150038, 0.000000, 0.000000, 0.151758, 0.000000, -0.000000, 0.000000, 0.492701, 0.000000, 0.000000, 0.076983, -0.000000},
      {-0.000000, -0.000000, -0.000000, -0.000000, -0.000000, -0.000000, 0.000000, -0.000000, 0.017047, 0.000000, -0.000000, 0.005459}
    },
    {
      {-0.000000, 0.000000, 1.859572, -0.000000, 0.000000, 0.986082, 0.000000, -0.000000, -0.000000, 0.000000, -0.000000, 0.000000},
      {-0.000000, -0.150038, 0.000000, -0.000000, -0.151758, 0.000000, 0.492701, -0.000000, -0.000000, 0.076983, -0.000000, -0.000000},
      {0.150038, 0.000000, -0.000000, 0.151758, 0.000000, -0.000000, -0.000000, 0.492701, -0.000000, -0.000000, 0.076983, -0.000000},
      {-0.000000, 0.000000, -0.000000, -0.000000, 0.000000, -0.000000, -0.000000, -0.000000, 0.017047, -0.000000, -0.000000, 0.005459}
    }
  }
};
